servoj([-1.5710, -2.0940, -1.5710, 0.5240, 1.5710, 0.0000], t=0.0012)
servoj([-1.5710, -2.0940, -1.5710, 0.5240, 1.5710, 0.0000], t=0.0012)
servoj([-1.5710, -2.0940, -1.5710, 0.5240, 1.5710, 0.0000], t=0.0012)
servoj([-1.5710, -2.0940, -1.5710, 0.5240, 1.5710, 0.0000], t=0.0012)
servoj([-1.5710, -2.0940, -1.5710, 0.5240, 1.5710, 0.0000], t=0.0012)
servoj([-1.5710, -2.0940, -1.5710, 0.5240, 1.5710, 0.0000], t=0.0012)
servoj([-1.5710, -2.0940, -1.5710, 0.5240, 1.5710, 0.0000], t=0.0012)
servoj([-1.5710, -2.0940, -1.5710, 0.5240, 1.5710, 0.0000], t=0.0012)
servoj([-1.5710, -2.0940, -1.5710, 0.5240, 1.5710, 0.0000], t=0.0012)
servoj([-1.5710, -2.0940, -1.5710, 0.5240, 1.5710, 0.0000], t=0.0012)
servoj([-1.5710, -2.0940, -1.5710, 0.5240, 1.5710, 0.0000], t=0.0012)
servoj([-1.5710, -2.0940, -1.5710, 0.5240, 1.5710, 0.0000], t=0.0012)
servoj([-1.5710, -2.0940, -1.5710, 0.5240, 1.5710, 0.0000], t=0.0012)
servoj([-1.5710, -2.0940, -1.5710, 0.5240, 1.5710, 0.0000], t=0.0012)
servoj([-1.5710, -2.0940, -1.5710, 0.5239, 1.5710, 0.0000], t=0.0012)
servoj([-1.5710, -2.0940, -1.5709, 0.5239, 1.5709, 0.0000], t=0.0012)
servoj([-1.5710, -2.0940, -1.5709, 0.5239, 1.5709, 0.0000], t=0.0012)
servoj([-1.5710, -2.0940, -1.5709, 0.5239, 1.5709, 0.0000], t=0.0012)
servoj([-1.5710, -2.0940, -1.5709, 0.5239, 1.5709, 0.0000], t=0.0012)
servoj([-1.5709, -2.0940, -1.5709, 0.5239, 1.5709, 0.0000], t=0.0012)
servoj([-1.5709, -2.0940, -1.5709, 0.5238, 1.5709, 0.0000], t=0.0012)
servoj([-1.5709, -2.0940, -1.5709, 0.5238, 1.5709, 0.0000], t=0.0012)
servoj([-1.5709, -2.0940, -1.5708, 0.5238, 1.5708, 0.0000], t=0.0012)
servoj([-1.5709, -2.0940, -1.5708, 0.5238, 1.5708, 0.0000], t=0.0012)
servoj([-1.5709, -2.0940, -1.5708, 0.5237, 1.5708, 0.0000], t=0.0012)
servoj([-1.5709, -2.0940, -1.5708, 0.5237, 1.5708, 0.0000], t=0.0012)
servoj([-1.5709, -2.0940, -1.5707, 0.5236, 1.5707, 0.0000], t=0.0012)
servoj([-1.5709, -2.0940, -1.5707, 0.5236, 1.5707, 0.0000], t=0.0012)
servoj([-1.5708, -2.0940, -1.5707, 0.5236, 1.5707, 0.0000], t=0.0012)
servoj([-1.5708, -2.0940, -1.5706, 0.5235, 1.5706, 0.0000], t=0.0012)
servoj([-1.5708, -2.0940, -1.5706, 0.5235, 1.5706, 0.0000], t=0.0012)
servoj([-1.5708, -2.0940, -1.5706, 0.5234, 1.5706, 0.0000], t=0.0012)
servoj([-1.5708, -2.0940, -1.5705, 0.5233, 1.5705, 0.0000], t=0.0012)
servoj([-1.5707, -2.0940, -1.5705, 0.5233, 1.5705, 0.0000], t=0.0012)
servoj([-1.5707, -2.0940, -1.5704, 0.5232, 1.5704, 0.0000], t=0.0012)
servoj([-1.5707, -2.0940, -1.5704, 0.5231, 1.5704, 0.0000], t=0.0012)
servoj([-1.5707, -2.0940, -1.5703, 0.5231, 1.5703, 0.0000], t=0.0012)
servoj([-1.5706, -2.0940, -1.5702, 0.5230, 1.5702, 0.0000], t=0.0012)
servoj([-1.5706, -2.0940, -1.5702, 0.5229, 1.5702, 0.0000], t=0.0012)
servoj([-1.5706, -2.0940, -1.5701, 0.5228, 1.5701, 0.0000], t=0.0012)
servoj([-1.5705, -2.0940, -1.5701, 0.5227, 1.5701, 0.0000], t=0.0012)
servoj([-1.5705, -2.0940, -1.5700, 0.5226, 1.5700, 0.0000], t=0.0012)
servoj([-1.5705, -2.0940, -1.5699, 0.5225, 1.5699, 0.0000], t=0.0012)
servoj([-1.5704, -2.0940, -1.5698, 0.5224, 1.5698, 0.0000], t=0.0012)
servoj([-1.5704, -2.0940, -1.5697, 0.5223, 1.5697, 0.0000], t=0.0012)
servoj([-1.5703, -2.0940, -1.5697, 0.5222, 1.5697, 0.0000], t=0.0012)
servoj([-1.5703, -2.0940, -1.5696, 0.5221, 1.5696, 0.0000], t=0.0012)
servoj([-1.5702, -2.0940, -1.5695, 0.5220, 1.5695, 0.0000], t=0.0012)
servoj([-1.5702, -2.0940, -1.5694, 0.5218, 1.5694, 0.0000], t=0.0012)
servoj([-1.5701, -2.0940, -1.5693, 0.5217, 1.5693, 0.0000], t=0.0012)
servoj([-1.5701, -2.0940, -1.5692, 0.5216, 1.5692, 0.0000], t=0.0012)
servoj([-1.5700, -2.0940, -1.5691, 0.5214, 1.5691, 0.0000], t=0.0012)
servoj([-1.5700, -2.0940, -1.5690, 0.5213, 1.5690, 0.0000], t=0.0012)
servoj([-1.5699, -2.0940, -1.5688, 0.5211, 1.5688, 0.0000], t=0.0012)
servoj([-1.5699, -2.0940, -1.5687, 0.5210, 1.5687, 0.0000], t=0.0012)
servoj([-1.5698, -2.0940, -1.5686, 0.5208, 1.5686, 0.0000], t=0.0012)
servoj([-1.5697, -2.0940, -1.5685, 0.5206, 1.5685, 0.0000], t=0.0012)
servoj([-1.5697, -2.0940, -1.5683, 0.5204, 1.5683, 0.0000], t=0.0012)
servoj([-1.5696, -2.0940, -1.5682, 0.5202, 1.5682, 0.0000], t=0.0012)
servoj([-1.5695, -2.0940, -1.5680, 0.5201, 1.5680, 0.0000], t=0.0012)
servoj([-1.5694, -2.0940, -1.5679, 0.5199, 1.5679, 0.0000], t=0.0012)
servoj([-1.5694, -2.0940, -1.5677, 0.5197, 1.5677, 0.0000], t=0.0012)
servoj([-1.5693, -2.0940, -1.5676, 0.5194, 1.5676, 0.0000], t=0.0012)
servoj([-1.5692, -2.0940, -1.5674, 0.5192, 1.5674, 0.0000], t=0.0012)
servoj([-1.5691, -2.0940, -1.5673, 0.5190, 1.5673, 0.0000], t=0.0012)
servoj([-1.5690, -2.0940, -1.5671, 0.5188, 1.5671, 0.0000], t=0.0012)
servoj([-1.5690, -2.0940, -1.5669, 0.5185, 1.5669, 0.0000], t=0.0012)
servoj([-1.5689, -2.0940, -1.5667, 0.5183, 1.5667, 0.0000], t=0.0012)
servoj([-1.5688, -2.0940, -1.5665, 0.5180, 1.5665, 0.0000], t=0.0012)
servoj([-1.5687, -2.0940, -1.5663, 0.5178, 1.5663, 0.0000], t=0.0012)
servoj([-1.5686, -2.0940, -1.5661, 0.5175, 1.5661, 0.0000], t=0.0012)
servoj([-1.5685, -2.0940, -1.5659, 0.5173, 1.5659, 0.0000], t=0.0012)
servoj([-1.5684, -2.0940, -1.5657, 0.5170, 1.5657, 0.0000], t=0.0012)
servoj([-1.5683, -2.0940, -1.5655, 0.5167, 1.5655, 0.0000], t=0.0012)
servoj([-1.5681, -2.0940, -1.5653, 0.5164, 1.5653, 0.0000], t=0.0012)
servoj([-1.5680, -2.0940, -1.5651, 0.5161, 1.5651, 0.0000], t=0.0012)
servoj([-1.5679, -2.0940, -1.5648, 0.5158, 1.5648, 0.0000], t=0.0012)
servoj([-1.5678, -2.0940, -1.5646, 0.5155, 1.5646, 0.0000], t=0.0012)
servoj([-1.5677, -2.0940, -1.5644, 0.5152, 1.5644, 0.0000], t=0.0012)
servoj([-1.5676, -2.0940, -1.5641, 0.5148, 1.5641, 0.0000], t=0.0012)
servoj([-1.5674, -2.0940, -1.5639, 0.5145, 1.5639, 0.0000], t=0.0012)
servoj([-1.5673, -2.0940, -1.5636, 0.5141, 1.5636, 0.0000], t=0.0012)
servoj([-1.5672, -2.0940, -1.5633, 0.5138, 1.5633, 0.0000], t=0.0012)
servoj([-1.5670, -2.0940, -1.5631, 0.5134, 1.5631, 0.0000], t=0.0012)
servoj([-1.5669, -2.0940, -1.5628, 0.5131, 1.5628, 0.0000], t=0.0012)
servoj([-1.5668, -2.0940, -1.5625, 0.5127, 1.5625, 0.0000], t=0.0012)
servoj([-1.5666, -2.0940, -1.5622, 0.5123, 1.5622, 0.0000], t=0.0012)
servoj([-1.5665, -2.0940, -1.5619, 0.5119, 1.5619, 0.0000], t=0.0012)
servoj([-1.5663, -2.0940, -1.5616, 0.5115, 1.5616, 0.0000], t=0.0012)
servoj([-1.5662, -2.0940, -1.5613, 0.5111, 1.5613, 0.0000], t=0.0012)
servoj([-1.5660, -2.0940, -1.5610, 0.5107, 1.5610, 0.0000], t=0.0012)
servoj([-1.5658, -2.0940, -1.5607, 0.5103, 1.5607, 0.0000], t=0.0012)
servoj([-1.5657, -2.0940, -1.5604, 0.5098, 1.5604, 0.0000], t=0.0012)
servoj([-1.5655, -2.0940, -1.5600, 0.5094, 1.5600, 0.0000], t=0.0012)
servoj([-1.5653, -2.0940, -1.5597, 0.5089, 1.5597, 0.0000], t=0.0012)
servoj([-1.5652, -2.0940, -1.5593, 0.5085, 1.5593, 0.0000], t=0.0012)
servoj([-1.5650, -2.0940, -1.5590, 0.5080, 1.5590, 0.0000], t=0.0012)
servoj([-1.5648, -2.0940, -1.5586, 0.5075, 1.5586, 0.0000], t=0.0012)
servoj([-1.5646, -2.0940, -1.5583, 0.5070, 1.5583, 0.0000], t=0.0012)
servoj([-1.5644, -2.0940, -1.5579, 0.5065, 1.5579, 0.0000], t=0.0012)
servoj([-1.5643, -2.0940, -1.5575, 0.5060, 1.5575, 0.0000], t=0.0012)
servoj([-1.5641, -2.0940, -1.5571, 0.5055, 1.5571, 0.0000], t=0.0012)
servoj([-1.5639, -2.0940, -1.5567, 0.5050, 1.5567, 0.0000], t=0.0012)
servoj([-1.5637, -2.0940, -1.5563, 0.5044, 1.5563, 0.0000], t=0.0012)
servoj([-1.5635, -2.0940, -1.5559, 0.5039, 1.5559, 0.0000], t=0.0012)
servoj([-1.5633, -2.0940, -1.5555, 0.5033, 1.5555, 0.0000], t=0.0012)
servoj([-1.5630, -2.0940, -1.5551, 0.5028, 1.5551, 0.0000], t=0.0012)
servoj([-1.5628, -2.0940, -1.5547, 0.5022, 1.5547, 0.0000], t=0.0012)
servoj([-1.5626, -2.0940, -1.5542, 0.5016, 1.5542, 0.0000], t=0.0012)
servoj([-1.5624, -2.0940, -1.5538, 0.5010, 1.5538, 0.0000], t=0.0012)
servoj([-1.5622, -2.0940, -1.5533, 0.5004, 1.5533, 0.0000], t=0.0012)
servoj([-1.5619, -2.0940, -1.5529, 0.4998, 1.5529, 0.0000], t=0.0012)
servoj([-1.5617, -2.0940, -1.5524, 0.4992, 1.5524, 0.0000], t=0.0012)
servoj([-1.5615, -2.0940, -1.5519, 0.4986, 1.5519, 0.0000], t=0.0012)
servoj([-1.5612, -2.0940, -1.5515, 0.4980, 1.5515, 0.0000], t=0.0012)
servoj([-1.5610, -2.0940, -1.5510, 0.4973, 1.5510, 0.0000], t=0.0012)
servoj([-1.5607, -2.0940, -1.5505, 0.4966, 1.5505, 0.0000], t=0.0012)
servoj([-1.5605, -2.0940, -1.5500, 0.4960, 1.5500, 0.0000], t=0.0012)
servoj([-1.5602, -2.0940, -1.5495, 0.4953, 1.5495, 0.0000], t=0.0012)
servoj([-1.5600, -2.0940, -1.5490, 0.4946, 1.5490, 0.0000], t=0.0012)
servoj([-1.5597, -2.0940, -1.5484, 0.4939, 1.5484, 0.0000], t=0.0012)
servoj([-1.5594, -2.0940, -1.5479, 0.4932, 1.5479, 0.0000], t=0.0012)
servoj([-1.5592, -2.0940, -1.5474, 0.4925, 1.5474, 0.0000], t=0.0012)
servoj([-1.5589, -2.0940, -1.5468, 0.4918, 1.5468, 0.0000], t=0.0012)
servoj([-1.5586, -2.0940, -1.5463, 0.4910, 1.5463, 0.0000], t=0.0012)
servoj([-1.5583, -2.0940, -1.5457, 0.4903, 1.5457, 0.0000], t=0.0012)
servoj([-1.5581, -2.0940, -1.5451, 0.4895, 1.5451, 0.0000], t=0.0012)
servoj([-1.5578, -2.0940, -1.5446, 0.4887, 1.5446, 0.0000], t=0.0012)
servoj([-1.5575, -2.0940, -1.5440, 0.4880, 1.5440, 0.0000], t=0.0012)
servoj([-1.5572, -2.0940, -1.5434, 0.4872, 1.5434, 0.0000], t=0.0012)
servoj([-1.5569, -2.0940, -1.5428, 0.4864, 1.5428, 0.0000], t=0.0012)
servoj([-1.5566, -2.0940, -1.5422, 0.4856, 1.5422, 0.0000], t=0.0012)
servoj([-1.5563, -2.0940, -1.5416, 0.4847, 1.5416, 0.0000], t=0.0012)
servoj([-1.5560, -2.0940, -1.5409, 0.4839, 1.5409, 0.0000], t=0.0012)
servoj([-1.5556, -2.0940, -1.5403, 0.4831, 1.5403, 0.0000], t=0.0012)
servoj([-1.5553, -2.0940, -1.5397, 0.4822, 1.5397, 0.0000], t=0.0012)
servoj([-1.5550, -2.0940, -1.5390, 0.4813, 1.5390, 0.0000], t=0.0012)
servoj([-1.5547, -2.0940, -1.5384, 0.4805, 1.5384, 0.0000], t=0.0012)
servoj([-1.5543, -2.0940, -1.5377, 0.4796, 1.5377, 0.0000], t=0.0012)
servoj([-1.5540, -2.0940, -1.5370, 0.4787, 1.5370, 0.0000], t=0.0012)
servoj([-1.5537, -2.0940, -1.5363, 0.4778, 1.5363, 0.0000], t=0.0012)
servoj([-1.5533, -2.0940, -1.5357, 0.4769, 1.5357, 0.0000], t=0.0012)
servoj([-1.5530, -2.0940, -1.5350, 0.4759, 1.5350, 0.0000], t=0.0012)
servoj([-1.5526, -2.0940, -1.5342, 0.4750, 1.5342, 0.0000], t=0.0012)
servoj([-1.5523, -2.0940, -1.5335, 0.4740, 1.5335, 0.0000], t=0.0012)
servoj([-1.5519, -2.0940, -1.5328, 0.4731, 1.5328, 0.0000], t=0.0012)
servoj([-1.5515, -2.0940, -1.5321, 0.4721, 1.5321, 0.0000], t=0.0012)
servoj([-1.5512, -2.0940, -1.5313, 0.4711, 1.5313, 0.0000], t=0.0012)
servoj([-1.5508, -2.0940, -1.5306, 0.4701, 1.5306, 0.0000], t=0.0012)
servoj([-1.5504, -2.0940, -1.5298, 0.4691, 1.5298, 0.0000], t=0.0012)
servoj([-1.5500, -2.0940, -1.5291, 0.4681, 1.5291, 0.0000], t=0.0012)
servoj([-1.5496, -2.0940, -1.5283, 0.4671, 1.5283, 0.0000], t=0.0012)
servoj([-1.5492, -2.0940, -1.5275, 0.4660, 1.5275, 0.0000], t=0.0012)
servoj([-1.5489, -2.0940, -1.5267, 0.4650, 1.5267, 0.0000], t=0.0012)
servoj([-1.5485, -2.0940, -1.5259, 0.4639, 1.5259, 0.0000], t=0.0012)
servoj([-1.5481, -2.0940, -1.5251, 0.4628, 1.5251, 0.0000], t=0.0012)
servoj([-1.5476, -2.0940, -1.5243, 0.4617, 1.5243, 0.0000], t=0.0012)
servoj([-1.5472, -2.0940, -1.5235, 0.4606, 1.5235, 0.0000], t=0.0012)
servoj([-1.5468, -2.0940, -1.5227, 0.4595, 1.5227, 0.0000], t=0.0012)
servoj([-1.5464, -2.0940, -1.5218, 0.4584, 1.5218, 0.0000], t=0.0012)
servoj([-1.5460, -2.0940, -1.5210, 0.4573, 1.5210, 0.0000], t=0.0012)
servoj([-1.5455, -2.0940, -1.5201, 0.4561, 1.5201, 0.0000], t=0.0012)
servoj([-1.5451, -2.0940, -1.5192, 0.4550, 1.5192, 0.0000], t=0.0012)
servoj([-1.5447, -2.0940, -1.5184, 0.4538, 1.5184, 0.0000], t=0.0012)
servoj([-1.5442, -2.0940, -1.5175, 0.4526, 1.5175, 0.0000], t=0.0012)
servoj([-1.5438, -2.0940, -1.5166, 0.4514, 1.5166, 0.0000], t=0.0012)
servoj([-1.5433, -2.0940, -1.5157, 0.4502, 1.5157, 0.0000], t=0.0012)
servoj([-1.5429, -2.0940, -1.5148, 0.4490, 1.5148, 0.0000], t=0.0012)
servoj([-1.5424, -2.0940, -1.5139, 0.4478, 1.5139, 0.0000], t=0.0012)
servoj([-1.5419, -2.0940, -1.5129, 0.4466, 1.5129, 0.0000], t=0.0012)
servoj([-1.5415, -2.0940, -1.5120, 0.4453, 1.5120, 0.0000], t=0.0012)
servoj([-1.5410, -2.0940, -1.5111, 0.4441, 1.5111, 0.0000], t=0.0012)
servoj([-1.5405, -2.0940, -1.5101, 0.4428, 1.5101, 0.0000], t=0.0012)
servoj([-1.5400, -2.0940, -1.5091, 0.4415, 1.5091, 0.0000], t=0.0012)
servoj([-1.5396, -2.0940, -1.5082, 0.4402, 1.5082, 0.0000], t=0.0012)
servoj([-1.5391, -2.0940, -1.5072, 0.4389, 1.5072, 0.0000], t=0.0012)
servoj([-1.5386, -2.0940, -1.5062, 0.4376, 1.5062, 0.0000], t=0.0012)
servoj([-1.5381, -2.0940, -1.5052, 0.4363, 1.5052, 0.0000], t=0.0012)
servoj([-1.5376, -2.0940, -1.5042, 0.4349, 1.5042, 0.0000], t=0.0012)
servoj([-1.5371, -2.0940, -1.5032, 0.4336, 1.5032, 0.0000], t=0.0012)
servoj([-1.5366, -2.0940, -1.5022, 0.4322, 1.5022, 0.0000], t=0.0012)
servoj([-1.5360, -2.0940, -1.5011, 0.4308, 1.5011, 0.0000], t=0.0012)
servoj([-1.5355, -2.0940, -1.5001, 0.4294, 1.5001, 0.0000], t=0.0012)
servoj([-1.5350, -2.0940, -1.4990, 0.4280, 1.4990, 0.0000], t=0.0012)
servoj([-1.5345, -2.0940, -1.4980, 0.4266, 1.4980, 0.0000], t=0.0012)
servoj([-1.5339, -2.0940, -1.4969, 0.4252, 1.4969, 0.0000], t=0.0012)
servoj([-1.5334, -2.0940, -1.4958, 0.4237, 1.4958, 0.0000], t=0.0012)
servoj([-1.5328, -2.0940, -1.4947, 0.4223, 1.4947, 0.0000], t=0.0012)
servoj([-1.5323, -2.0940, -1.4936, 0.4208, 1.4936, 0.0000], t=0.0012)
servoj([-1.5317, -2.0940, -1.4925, 0.4193, 1.4925, 0.0000], t=0.0012)
servoj([-1.5312, -2.0940, -1.4914, 0.4179, 1.4914, 0.0000], t=0.0012)
servoj([-1.5306, -2.0940, -1.4903, 0.4164, 1.4903, 0.0000], t=0.0012)
servoj([-1.5301, -2.0940, -1.4892, 0.4149, 1.4892, 0.0000], t=0.0012)
servoj([-1.5295, -2.0940, -1.4880, 0.4133, 1.4880, 0.0000], t=0.0012)
servoj([-1.5289, -2.0940, -1.4869, 0.4118, 1.4869, 0.0000], t=0.0012)
servoj([-1.5283, -2.0940, -1.4857, 0.4102, 1.4857, 0.0000], t=0.0012)
servoj([-1.5277, -2.0940, -1.4845, 0.4087, 1.4845, 0.0000], t=0.0012)
servoj([-1.5271, -2.0940, -1.4834, 0.4071, 1.4834, 0.0000], t=0.0012)
servoj([-1.5266, -2.0940, -1.4822, 0.4055, 1.4822, 0.0000], t=0.0012)
servoj([-1.5260, -2.0940, -1.4810, 0.4039, 1.4810, 0.0000], t=0.0012)
servoj([-1.5254, -2.0940, -1.4798, 0.4023, 1.4798, 0.0000], t=0.0012)
servoj([-1.5247, -2.0940, -1.4786, 0.4007, 1.4786, 0.0000], t=0.0012)
servoj([-1.5241, -2.0940, -1.4773, 0.3991, 1.4773, 0.0000], t=0.0012)
servoj([-1.5235, -2.0940, -1.4761, 0.3974, 1.4761, 0.0000], t=0.0012)
servoj([-1.5229, -2.0940, -1.4749, 0.3958, 1.4749, 0.0000], t=0.0012)
servoj([-1.5223, -2.0940, -1.4736, 0.3941, 1.4736, 0.0000], t=0.0012)
servoj([-1.5216, -2.0940, -1.4723, 0.3924, 1.4723, 0.0000], t=0.0012)
servoj([-1.5210, -2.0940, -1.4711, 0.3907, 1.4711, 0.0000], t=0.0012)
servoj([-1.5204, -2.0940, -1.4698, 0.3890, 1.4698, 0.0000], t=0.0012)
servoj([-1.5197, -2.0940, -1.4685, 0.3873, 1.4685, 0.0000], t=0.0012)
servoj([-1.5191, -2.0940, -1.4672, 0.3856, 1.4672, 0.0000], t=0.0012)
servoj([-1.5184, -2.0940, -1.4659, 0.3839, 1.4659, 0.0000], t=0.0012)
servoj([-1.5178, -2.0940, -1.4646, 0.3821, 1.4646, 0.0000], t=0.0012)
servoj([-1.5171, -2.0940, -1.4633, 0.3803, 1.4633, 0.0000], t=0.0012)
servoj([-1.5164, -2.0940, -1.4619, 0.3786, 1.4619, 0.0000], t=0.0012)
servoj([-1.5158, -2.0940, -1.4606, 0.3768, 1.4606, 0.0000], t=0.0012)
servoj([-1.5151, -2.0940, -1.4593, 0.3750, 1.4593, 0.0000], t=0.0012)
servoj([-1.5144, -2.0940, -1.4579, 0.3732, 1.4579, 0.0000], t=0.0012)
servoj([-1.5137, -2.0940, -1.4565, 0.3713, 1.4565, 0.0000], t=0.0012)
servoj([-1.5130, -2.0940, -1.4551, 0.3695, 1.4551, 0.0000], t=0.0012)
servoj([-1.5123, -2.0940, -1.4538, 0.3677, 1.4538, 0.0000], t=0.0012)
servoj([-1.5116, -2.0940, -1.4524, 0.3658, 1.4524, 0.0000], t=0.0012)
servoj([-1.5109, -2.0940, -1.4510, 0.3639, 1.4510, 0.0000], t=0.0012)
servoj([-1.5102, -2.0940, -1.4495, 0.3620, 1.4495, 0.0000], t=0.0012)
servoj([-1.5095, -2.0940, -1.4481, 0.3601, 1.4481, 0.0000], t=0.0012)
servoj([-1.5088, -2.0940, -1.4467, 0.3582, 1.4467, 0.0000], t=0.0012)
servoj([-1.5081, -2.0940, -1.4452, 0.3563, 1.4452, 0.0000], t=0.0012)
servoj([-1.5074, -2.0940, -1.4438, 0.3544, 1.4438, 0.0000], t=0.0012)
servoj([-1.5066, -2.0940, -1.4423, 0.3524, 1.4423, 0.0000], t=0.0012)
servoj([-1.5059, -2.0940, -1.4409, 0.3505, 1.4409, 0.0000], t=0.0012)
servoj([-1.5052, -2.0940, -1.4394, 0.3485, 1.4394, 0.0000], t=0.0012)
servoj([-1.5044, -2.0940, -1.4379, 0.3465, 1.4379, 0.0000], t=0.0012)
servoj([-1.5037, -2.0940, -1.4364, 0.3445, 1.4364, 0.0000], t=0.0012)
servoj([-1.5029, -2.0940, -1.4349, 0.3425, 1.4349, 0.0000], t=0.0012)
servoj([-1.5022, -2.0940, -1.4334, 0.3405, 1.4334, 0.0000], t=0.0012)
servoj([-1.5014, -2.0940, -1.4319, 0.3385, 1.4319, 0.0000], t=0.0012)
servoj([-1.5006, -2.0940, -1.4303, 0.3364, 1.4303, 0.0000], t=0.0012)
servoj([-1.4999, -2.0940, -1.4288, 0.3344, 1.4288, 0.0000], t=0.0012)
servoj([-1.4991, -2.0940, -1.4273, 0.3323, 1.4273, 0.0000], t=0.0012)
servoj([-1.4983, -2.0940, -1.4257, 0.3302, 1.4257, 0.0000], t=0.0012)
servoj([-1.4975, -2.0940, -1.4241, 0.3281, 1.4241, 0.0000], t=0.0012)
servoj([-1.4967, -2.0940, -1.4225, 0.3260, 1.4225, 0.0000], t=0.0012)
servoj([-1.4959, -2.0940, -1.4210, 0.3239, 1.4210, 0.0000], t=0.0012)
servoj([-1.4951, -2.0940, -1.4194, 0.3218, 1.4194, 0.0000], t=0.0012)
servoj([-1.4943, -2.0940, -1.4178, 0.3197, 1.4178, 0.0000], t=0.0012)
servoj([-1.4935, -2.0940, -1.4162, 0.3175, 1.4162, 0.0000], t=0.0012)
servoj([-1.4927, -2.0940, -1.4145, 0.3153, 1.4145, 0.0000], t=0.0012)
servoj([-1.4919, -2.0940, -1.4129, 0.3132, 1.4129, 0.0000], t=0.0012)
servoj([-1.4911, -2.0940, -1.4113, 0.3110, 1.4113, 0.0000], t=0.0012)
servoj([-1.4903, -2.0940, -1.4096, 0.3088, 1.4096, 0.0000], t=0.0012)
servoj([-1.4894, -2.0940, -1.4080, 0.3066, 1.4080, 0.0000], t=0.0012)
servoj([-1.4886, -2.0940, -1.4063, 0.3044, 1.4063, 0.0000], t=0.0012)
servoj([-1.4878, -2.0940, -1.4046, 0.3021, 1.4046, 0.0000], t=0.0012)
servoj([-1.4869, -2.0940, -1.4029, 0.2999, 1.4029, 0.0000], t=0.0012)
servoj([-1.4861, -2.0940, -1.4012, 0.2976, 1.4012, 0.0000], t=0.0012)
servoj([-1.4852, -2.0940, -1.3995, 0.2954, 1.3995, 0.0000], t=0.0012)
servoj([-1.4844, -2.0940, -1.3978, 0.2931, 1.3978, 0.0000], t=0.0012)
servoj([-1.4835, -2.0940, -1.3961, 0.2908, 1.3961, 0.0000], t=0.0012)
servoj([-1.4826, -2.0940, -1.3944, 0.2885, 1.3944, 0.0000], t=0.0012)
servoj([-1.4818, -2.0940, -1.3927, 0.2862, 1.3927, 0.0000], t=0.0012)
servoj([-1.4809, -2.0940, -1.3909, 0.2838, 1.3909, 0.0000], t=0.0012)
servoj([-1.4800, -2.0940, -1.3892, 0.2815, 1.3892, 0.0000], t=0.0012)
servoj([-1.4791, -2.0940, -1.3874, 0.2792, 1.3874, 0.0000], t=0.0012)
servoj([-1.4783, -2.0940, -1.3856, 0.2768, 1.3856, 0.0000], t=0.0012)
servoj([-1.4774, -2.0940, -1.3838, 0.2744, 1.3838, 0.0000], t=0.0012)
servoj([-1.4765, -2.0940, -1.3821, 0.2720, 1.3821, 0.0000], t=0.0012)
servoj([-1.4756, -2.0940, -1.3803, 0.2696, 1.3803, 0.0000], t=0.0012)
servoj([-1.4747, -2.0940, -1.3785, 0.2672, 1.3785, 0.0000], t=0.0012)
servoj([-1.4738, -2.0940, -1.3766, 0.2648, 1.3766, 0.0000], t=0.0012)
servoj([-1.4728, -2.0940, -1.3748, 0.2624, 1.3748, 0.0000], t=0.0012)
servoj([-1.4719, -2.0940, -1.3730, 0.2599, 1.3730, 0.0000], t=0.0012)
servoj([-1.4710, -2.0940, -1.3712, 0.2575, 1.3712, 0.0000], t=0.0012)
servoj([-1.4701, -2.0940, -1.3693, 0.2550, 1.3693, 0.0000], t=0.0012)
servoj([-1.4692, -2.0940, -1.3675, 0.2526, 1.3675, 0.0000], t=0.0012)
servoj([-1.4682, -2.0940, -1.3656, 0.2501, 1.3656, 0.0000], t=0.0012)
servoj([-1.4673, -2.0940, -1.3637, 0.2476, 1.3637, 0.0000], t=0.0012)
servoj([-1.4663, -2.0940, -1.3618, 0.2451, 1.3618, 0.0000], t=0.0012)
servoj([-1.4654, -2.0940, -1.3599, 0.2425, 1.3599, 0.0000], t=0.0012)
servoj([-1.4645, -2.0940, -1.3580, 0.2400, 1.3580, 0.0000], t=0.0012)
servoj([-1.4635, -2.0940, -1.3561, 0.2375, 1.3561, 0.0000], t=0.0012)
servoj([-1.4625, -2.0940, -1.3542, 0.2349, 1.3542, 0.0000], t=0.0012)
servoj([-1.4616, -2.0940, -1.3523, 0.2323, 1.3523, 0.0000], t=0.0012)
servoj([-1.4606, -2.0940, -1.3504, 0.2298, 1.3504, 0.0000], t=0.0012)
servoj([-1.4596, -2.0940, -1.3484, 0.2272, 1.3484, 0.0000], t=0.0012)
servoj([-1.4587, -2.0940, -1.3465, 0.2246, 1.3465, 0.0000], t=0.0012)
servoj([-1.4577, -2.0940, -1.3445, 0.2220, 1.3445, 0.0000], t=0.0012)
servoj([-1.4567, -2.0940, -1.3425, 0.2194, 1.3425, 0.0000], t=0.0012)
servoj([-1.4557, -2.0940, -1.3406, 0.2167, 1.3406, 0.0000], t=0.0012)
servoj([-1.4547, -2.0940, -1.3386, 0.2141, 1.3386, 0.0000], t=0.0012)
servoj([-1.4537, -2.0940, -1.3366, 0.2114, 1.3366, 0.0000], t=0.0012)
servoj([-1.4527, -2.0940, -1.3346, 0.2088, 1.3346, 0.0000], t=0.0012)
servoj([-1.4517, -2.0940, -1.3326, 0.2061, 1.3326, 0.0000], t=0.0012)
servoj([-1.4507, -2.0940, -1.3306, 0.2034, 1.3306, 0.0000], t=0.0012)
servoj([-1.4497, -2.0940, -1.3286, 0.2007, 1.3286, 0.0000], t=0.0012)
servoj([-1.4487, -2.0940, -1.3265, 0.1980, 1.3265, 0.0000], t=0.0012)
servoj([-1.4477, -2.0940, -1.3245, 0.1953, 1.3245, 0.0000], t=0.0012)
servoj([-1.4466, -2.0940, -1.3224, 0.1925, 1.3224, 0.0000], t=0.0012)
servoj([-1.4456, -2.0940, -1.3204, 0.1898, 1.3204, 0.0000], t=0.0012)
servoj([-1.4446, -2.0940, -1.3183, 0.1870, 1.3183, 0.0000], t=0.0012)
servoj([-1.4435, -2.0940, -1.3163, 0.1843, 1.3163, 0.0000], t=0.0012)
servoj([-1.4425, -2.0940, -1.3142, 0.1815, 1.3142, 0.0000], t=0.0012)
servoj([-1.4415, -2.0940, -1.3121, 0.1787, 1.3121, 0.0000], t=0.0012)
servoj([-1.4404, -2.0940, -1.3100, 0.1759, 1.3100, 0.0000], t=0.0012)
servoj([-1.4394, -2.0940, -1.3079, 0.1731, 1.3079, 0.0000], t=0.0012)
servoj([-1.4383, -2.0940, -1.3058, 0.1703, 1.3058, 0.0000], t=0.0012)
servoj([-1.4372, -2.0940, -1.3037, 0.1675, 1.3037, 0.0000], t=0.0012)
servoj([-1.4362, -2.0940, -1.3015, 0.1647, 1.3015, 0.0000], t=0.0012)
servoj([-1.4351, -2.0940, -1.2994, 0.1618, 1.2994, 0.0000], t=0.0012)
servoj([-1.4340, -2.0940, -1.2973, 0.1590, 1.2973, 0.0000], t=0.0012)
servoj([-1.4330, -2.0940, -1.2951, 0.1561, 1.2951, 0.0000], t=0.0012)
servoj([-1.4319, -2.0940, -1.2930, 0.1532, 1.2930, 0.0000], t=0.0012)
servoj([-1.4308, -2.0940, -1.2908, 0.1503, 1.2908, 0.0000], t=0.0012)
servoj([-1.4297, -2.0940, -1.2886, 0.1474, 1.2886, 0.0000], t=0.0012)
servoj([-1.4286, -2.0940, -1.2864, 0.1445, 1.2864, 0.0000], t=0.0012)
servoj([-1.4275, -2.0940, -1.2843, 0.1416, 1.2843, 0.0000], t=0.0012)
servoj([-1.4264, -2.0940, -1.2821, 0.1387, 1.2821, 0.0000], t=0.0012)
servoj([-1.4253, -2.0940, -1.2799, 0.1357, 1.2799, 0.0000], t=0.0012)
servoj([-1.4242, -2.0940, -1.2776, 0.1328, 1.2776, 0.0000], t=0.0012)
servoj([-1.4231, -2.0940, -1.2754, 0.1298, 1.2754, 0.0000], t=0.0012)
servoj([-1.4220, -2.0940, -1.2732, 0.1269, 1.2732, 0.0000], t=0.0012)
servoj([-1.4209, -2.0940, -1.2710, 0.1239, 1.2710, 0.0000], t=0.0012)
servoj([-1.4198, -2.0940, -1.2687, 0.1209, 1.2687, 0.0000], t=0.0012)
servoj([-1.4186, -2.0940, -1.2665, 0.1179, 1.2665, 0.0000], t=0.0012)
servoj([-1.4175, -2.0940, -1.2642, 0.1149, 1.2642, 0.0000], t=0.0012)
servoj([-1.4164, -2.0940, -1.2620, 0.1119, 1.2620, 0.0000], t=0.0012)
servoj([-1.4152, -2.0940, -1.2597, 0.1089, 1.2597, 0.0000], t=0.0012)
servoj([-1.4141, -2.0940, -1.2574, 0.1058, 1.2574, 0.0000], t=0.0012)
servoj([-1.4130, -2.0940, -1.2551, 0.1028, 1.2551, 0.0000], t=0.0012)
servoj([-1.4118, -2.0940, -1.2528, 0.0997, 1.2528, 0.0000], t=0.0012)
servoj([-1.4107, -2.0940, -1.2505, 0.0967, 1.2505, 0.0000], t=0.0012)
servoj([-1.4095, -2.0940, -1.2482, 0.0936, 1.2482, 0.0000], t=0.0012)
servoj([-1.4084, -2.0940, -1.2459, 0.0905, 1.2459, 0.0000], t=0.0012)
servoj([-1.4072, -2.0940, -1.2436, 0.0874, 1.2436, 0.0000], t=0.0012)
servoj([-1.4060, -2.0940, -1.2413, 0.0843, 1.2413, 0.0000], t=0.0012)
servoj([-1.4049, -2.0940, -1.2390, 0.0812, 1.2390, 0.0000], t=0.0012)
servoj([-1.4037, -2.0940, -1.2366, 0.0781, 1.2366, 0.0000], t=0.0012)
servoj([-1.4025, -2.0940, -1.2343, 0.0749, 1.2343, 0.0000], t=0.0012)
servoj([-1.4013, -2.0940, -1.2319, 0.0718, 1.2319, 0.0000], t=0.0012)
servoj([-1.4002, -2.0940, -1.2295, 0.0687, 1.2295, 0.0000], t=0.0012)
servoj([-1.3990, -2.0940, -1.2272, 0.0655, 1.2272, 0.0000], t=0.0012)
servoj([-1.3978, -2.0940, -1.2248, 0.0623, 1.2248, 0.0000], t=0.0012)
servoj([-1.3966, -2.0940, -1.2224, 0.0592, 1.2224, 0.0000], t=0.0012)
servoj([-1.3954, -2.0940, -1.2200, 0.0560, 1.2200, 0.0000], t=0.0012)
servoj([-1.3942, -2.0940, -1.2176, 0.0528, 1.2176, 0.0000], t=0.0012)
servoj([-1.3930, -2.0940, -1.2152, 0.0496, 1.2152, 0.0000], t=0.0012)
servoj([-1.3918, -2.0940, -1.2128, 0.0464, 1.2128, 0.0000], t=0.0012)
servoj([-1.3906, -2.0940, -1.2104, 0.0431, 1.2104, 0.0000], t=0.0012)
servoj([-1.3894, -2.0940, -1.2080, 0.0399, 1.2080, 0.0000], t=0.0012)
servoj([-1.3882, -2.0940, -1.2056, 0.0367, 1.2056, 0.0000], t=0.0012)
servoj([-1.3870, -2.0940, -1.2031, 0.0334, 1.2031, 0.0000], t=0.0012)
servoj([-1.3857, -2.0940, -1.2007, 0.0302, 1.2007, 0.0000], t=0.0012)
servoj([-1.3845, -2.0940, -1.1982, 0.0269, 1.1982, 0.0000], t=0.0012)
servoj([-1.3833, -2.0940, -1.1958, 0.0236, 1.1958, 0.0000], t=0.0012)
servoj([-1.3820, -2.0940, -1.1933, 0.0204, 1.1933, 0.0000], t=0.0012)
servoj([-1.3808, -2.0940, -1.1909, 0.0171, 1.1909, 0.0000], t=0.0012)
servoj([-1.3796, -2.0940, -1.1884, 0.0138, 1.1884, 0.0000], t=0.0012)
servoj([-1.3783, -2.0940, -1.1859, 0.0105, 1.1859, 0.0000], t=0.0012)
servoj([-1.3771, -2.0940, -1.1834, 0.0072, 1.1834, 0.0000], t=0.0012)
servoj([-1.3758, -2.0940, -1.1809, 0.0038, 1.1809, 0.0000], t=0.0012)
servoj([-1.3746, -2.0940, -1.1784, 0.0005, 1.1784, 0.0000], t=0.0012)
servoj([-1.3733, -2.0940, -1.1759, -0.0028, 1.1759, 0.0000], t=0.0012)
servoj([-1.3721, -2.0940, -1.1734, -0.0062, 1.1734, 0.0000], t=0.0012)
servoj([-1.3708, -2.0940, -1.1709, -0.0095, 1.1709, 0.0000], t=0.0012)
servoj([-1.3696, -2.0940, -1.1684, -0.0129, 1.1684, 0.0000], t=0.0012)
servoj([-1.3683, -2.0940, -1.1659, -0.0163, 1.1659, 0.0000], t=0.0012)
servoj([-1.3670, -2.0940, -1.1633, -0.0196, 1.1633, 0.0000], t=0.0012)
servoj([-1.3658, -2.0940, -1.1608, -0.0230, 1.1608, 0.0000], t=0.0012)
servoj([-1.3645, -2.0940, -1.1582, -0.0264, 1.1582, 0.0000], t=0.0012)
servoj([-1.3632, -2.0940, -1.1557, -0.0298, 1.1557, 0.0000], t=0.0012)
servoj([-1.3619, -2.0940, -1.1531, -0.0332, 1.1531, 0.0000], t=0.0012)
servoj([-1.3607, -2.0940, -1.1506, -0.0367, 1.1506, 0.0000], t=0.0012)
servoj([-1.3594, -2.0940, -1.1480, -0.0401, 1.1480, 0.0000], t=0.0012)
servoj([-1.3581, -2.0940, -1.1454, -0.0435, 1.1454, 0.0000], t=0.0012)
servoj([-1.3568, -2.0940, -1.1429, -0.0470, 1.1429, 0.0000], t=0.0012)
servoj([-1.3555, -2.0940, -1.1403, -0.0504, 1.1403, 0.0000], t=0.0012)
servoj([-1.3542, -2.0940, -1.1377, -0.0539, 1.1377, 0.0000], t=0.0012)
servoj([-1.3529, -2.0940, -1.1351, -0.0573, 1.1351, 0.0000], t=0.0012)
servoj([-1.3516, -2.0940, -1.1325, -0.0608, 1.1325, 0.0000], t=0.0012)
servoj([-1.3503, -2.0940, -1.1299, -0.0643, 1.1299, 0.0000], t=0.0012)
servoj([-1.3490, -2.0940, -1.1273, -0.0677, 1.1273, 0.0000], t=0.0012)
servoj([-1.3477, -2.0940, -1.1246, -0.0712, 1.1246, 0.0000], t=0.0012)
servoj([-1.3464, -2.0940, -1.1220, -0.0747, 1.1220, 0.0000], t=0.0012)
servoj([-1.3451, -2.0940, -1.1194, -0.0782, 1.1194, 0.0000], t=0.0012)
servoj([-1.3437, -2.0940, -1.1168, -0.0818, 1.1168, 0.0000], t=0.0012)
servoj([-1.3424, -2.0940, -1.1141, -0.0853, 1.1141, 0.0000], t=0.0012)
servoj([-1.3411, -2.0940, -1.1115, -0.0888, 1.1115, 0.0000], t=0.0012)
servoj([-1.3398, -2.0940, -1.1088, -0.0923, 1.1088, 0.0000], t=0.0012)
servoj([-1.3384, -2.0940, -1.1062, -0.0959, 1.1062, 0.0000], t=0.0012)
servoj([-1.3371, -2.0940, -1.1035, -0.0994, 1.1035, 0.0000], t=0.0012)
servoj([-1.3358, -2.0940, -1.1008, -0.1030, 1.1008, 0.0000], t=0.0012)
servoj([-1.3344, -2.0940, -1.0982, -0.1065, 1.0982, 0.0000], t=0.0012)
servoj([-1.3331, -2.0940, -1.0955, -0.1101, 1.0955, 0.0000], t=0.0012)
servoj([-1.3318, -2.0940, -1.0928, -0.1137, 1.0928, 0.0000], t=0.0012)
servoj([-1.3304, -2.0940, -1.0901, -0.1173, 1.0901, 0.0000], t=0.0012)
servoj([-1.3291, -2.0940, -1.0874, -0.1208, 1.0874, 0.0000], t=0.0012)
servoj([-1.3277, -2.0940, -1.0848, -0.1244, 1.0848, 0.0000], t=0.0012)
servoj([-1.3264, -2.0940, -1.0821, -0.1280, 1.0821, 0.0000], t=0.0012)
servoj([-1.3250, -2.0940, -1.0794, -0.1316, 1.0794, 0.0000], t=0.0012)
servoj([-1.3237, -2.0940, -1.0766, -0.1352, 1.0766, 0.0000], t=0.0012)
servoj([-1.3223, -2.0940, -1.0739, -0.1389, 1.0739, 0.0000], t=0.0012)
servoj([-1.3209, -2.0940, -1.0712, -0.1425, 1.0712, 0.0000], t=0.0012)
servoj([-1.3196, -2.0940, -1.0685, -0.1461, 1.0685, 0.0000], t=0.0012)
servoj([-1.3182, -2.0940, -1.0658, -0.1498, 1.0658, 0.0000], t=0.0012)
servoj([-1.3169, -2.0940, -1.0630, -0.1534, 1.0630, 0.0000], t=0.0012)
servoj([-1.3155, -2.0940, -1.0603, -0.1570, 1.0603, 0.0000], t=0.0012)
servoj([-1.3141, -2.0940, -1.0576, -0.1607, 1.0576, 0.0000], t=0.0012)
servoj([-1.3127, -2.0940, -1.0548, -0.1644, 1.0548, 0.0000], t=0.0012)
servoj([-1.3114, -2.0940, -1.0521, -0.1680, 1.0521, 0.0000], t=0.0012)
servoj([-1.3100, -2.0940, -1.0493, -0.1717, 1.0493, 0.0000], t=0.0012)
servoj([-1.3086, -2.0940, -1.0466, -0.1754, 1.0466, 0.0000], t=0.0012)
servoj([-1.3072, -2.0940, -1.0438, -0.1790, 1.0438, 0.0000], t=0.0012)
servoj([-1.3059, -2.0940, -1.0410, -0.1827, 1.0410, 0.0000], t=0.0012)
servoj([-1.3045, -2.0940, -1.0383, -0.1864, 1.0383, 0.0000], t=0.0012)
servoj([-1.3031, -2.0940, -1.0355, -0.1901, 1.0355, 0.0000], t=0.0012)
servoj([-1.3017, -2.0940, -1.0327, -0.1938, 1.0327, 0.0000], t=0.0012)
servoj([-1.3003, -2.0940, -1.0299, -0.1975, 1.0299, 0.0000], t=0.0012)
servoj([-1.2989, -2.0940, -1.0272, -0.2012, 1.0272, 0.0000], t=0.0012)
servoj([-1.2975, -2.0940, -1.0244, -0.2050, 1.0244, 0.0000], t=0.0012)
servoj([-1.2961, -2.0940, -1.0216, -0.2087, 1.0216, 0.0000], t=0.0012)
servoj([-1.2947, -2.0940, -1.0188, -0.2124, 1.0188, 0.0000], t=0.0012)
servoj([-1.2933, -2.0940, -1.0160, -0.2161, 1.0160, 0.0000], t=0.0012)
servoj([-1.2919, -2.0940, -1.0132, -0.2199, 1.0132, 0.0000], t=0.0012)
servoj([-1.2905, -2.0940, -1.0104, -0.2236, 1.0104, 0.0000], t=0.0012)
servoj([-1.2891, -2.0940, -1.0076, -0.2274, 1.0076, 0.0000], t=0.0012)
servoj([-1.2877, -2.0940, -1.0047, -0.2311, 1.0047, 0.0000], t=0.0012)
servoj([-1.2863, -2.0940, -1.0019, -0.2349, 1.0019, 0.0000], t=0.0012)
servoj([-1.2849, -2.0940, -0.9991, -0.2386, 0.9991, 0.0000], t=0.0012)
servoj([-1.2835, -2.0940, -0.9963, -0.2424, 0.9963, 0.0000], t=0.0012)
servoj([-1.2820, -2.0940, -0.9935, -0.2462, 0.9935, 0.0000], t=0.0012)
servoj([-1.2806, -2.0940, -0.9906, -0.2499, 0.9906, 0.0000], t=0.0012)
servoj([-1.2792, -2.0940, -0.9878, -0.2537, 0.9878, 0.0000], t=0.0012)
servoj([-1.2778, -2.0940, -0.9850, -0.2575, 0.9850, 0.0000], t=0.0012)
servoj([-1.2764, -2.0940, -0.9821, -0.2613, 0.9821, 0.0000], t=0.0012)
servoj([-1.2749, -2.0940, -0.9793, -0.2651, 0.9793, 0.0000], t=0.0012)
servoj([-1.2735, -2.0940, -0.9764, -0.2689, 0.9764, 0.0000], t=0.0012)
servoj([-1.2721, -2.0940, -0.9736, -0.2727, 0.9736, 0.0000], t=0.0012)
servoj([-1.2707, -2.0940, -0.9707, -0.2765, 0.9707, 0.0000], t=0.0012)
servoj([-1.2692, -2.0940, -0.9679, -0.2803, 0.9679, 0.0000], t=0.0012)
servoj([-1.2678, -2.0940, -0.9650, -0.2841, 0.9650, 0.0000], t=0.0012)
servoj([-1.2664, -2.0940, -0.9622, -0.2879, 0.9622, 0.0000], t=0.0012)
servoj([-1.2649, -2.0940, -0.9593, -0.2917, 0.9593, 0.0000], t=0.0012)
servoj([-1.2635, -2.0940, -0.9564, -0.2956, 0.9564, 0.0000], t=0.0012)
servoj([-1.2621, -2.0940, -0.9536, -0.2994, 0.9536, 0.0000], t=0.0012)
servoj([-1.2606, -2.0940, -0.9507, -0.3032, 0.9507, 0.0000], t=0.0012)
servoj([-1.2592, -2.0940, -0.9478, -0.3071, 0.9478, 0.0000], t=0.0012)
servoj([-1.2578, -2.0940, -0.9449, -0.3109, 0.9449, 0.0000], t=0.0012)
servoj([-1.2563, -2.0940, -0.9420, -0.3147, 0.9420, 0.0000], t=0.0012)
servoj([-1.2549, -2.0940, -0.9392, -0.3186, 0.9392, 0.0000], t=0.0012)
servoj([-1.2534, -2.0940, -0.9363, -0.3224, 0.9363, 0.0000], t=0.0012)
servoj([-1.2520, -2.0940, -0.9334, -0.3263, 0.9334, 0.0000], t=0.0012)
servoj([-1.2505, -2.0940, -0.9305, -0.3301, 0.9305, 0.0000], t=0.0012)
servoj([-1.2491, -2.0940, -0.9276, -0.3340, 0.9276, 0.0000], t=0.0012)
servoj([-1.2477, -2.0940, -0.9247, -0.3379, 0.9247, 0.0000], t=0.0012)
servoj([-1.2462, -2.0940, -0.9218, -0.3417, 0.9218, 0.0000], t=0.0012)
servoj([-1.2448, -2.0940, -0.9189, -0.3456, 0.9189, 0.0000], t=0.0012)
servoj([-1.2433, -2.0940, -0.9160, -0.3494, 0.9160, 0.0000], t=0.0012)
servoj([-1.2418, -2.0940, -0.9131, -0.3533, 0.9131, 0.0000], t=0.0012)
servoj([-1.2404, -2.0940, -0.9102, -0.3572, 0.9102, 0.0000], t=0.0012)
servoj([-1.2389, -2.0940, -0.9073, -0.3611, 0.9073, 0.0000], t=0.0012)
servoj([-1.2375, -2.0940, -0.9044, -0.3649, 0.9044, 0.0000], t=0.0012)
servoj([-1.2360, -2.0940, -0.9015, -0.3688, 0.9015, 0.0000], t=0.0012)
servoj([-1.2346, -2.0940, -0.8986, -0.3727, 0.8986, 0.0000], t=0.0012)
servoj([-1.2331, -2.0940, -0.8957, -0.3766, 0.8957, 0.0000], t=0.0012)
servoj([-1.2317, -2.0940, -0.8927, -0.3805, 0.8927, 0.0000], t=0.0012)
servoj([-1.2302, -2.0940, -0.8898, -0.3844, 0.8898, 0.0000], t=0.0012)
servoj([-1.2287, -2.0940, -0.8869, -0.3883, 0.8869, 0.0000], t=0.0012)
servoj([-1.2273, -2.0940, -0.8840, -0.3922, 0.8840, 0.0000], t=0.0012)
servoj([-1.2258, -2.0940, -0.8811, -0.3961, 0.8811, 0.0000], t=0.0012)
servoj([-1.2243, -2.0940, -0.8781, -0.4000, 0.8781, 0.0000], t=0.0012)
servoj([-1.2229, -2.0940, -0.8752, -0.4039, 0.8752, 0.0000], t=0.0012)
servoj([-1.2214, -2.0940, -0.8723, -0.4078, 0.8723, 0.0000], t=0.0012)
servoj([-1.2200, -2.0940, -0.8694, -0.4117, 0.8694, 0.0000], t=0.0012)
servoj([-1.2185, -2.0940, -0.8664, -0.4156, 0.8664, 0.0000], t=0.0012)
servoj([-1.2170, -2.0940, -0.8635, -0.4195, 0.8635, 0.0000], t=0.0012)
servoj([-1.2156, -2.0940, -0.8606, -0.4234, 0.8606, 0.0000], t=0.0012)
servoj([-1.2141, -2.0940, -0.8576, -0.4273, 0.8576, 0.0000], t=0.0012)
servoj([-1.2126, -2.0940, -0.8547, -0.4312, 0.8547, 0.0000], t=0.0012)
servoj([-1.2111, -2.0940, -0.8518, -0.4351, 0.8518, 0.0000], t=0.0012)
servoj([-1.2097, -2.0940, -0.8488, -0.4391, 0.8488, 0.0000], t=0.0012)
servoj([-1.2082, -2.0940, -0.8459, -0.4430, 0.8459, 0.0000], t=0.0012)
servoj([-1.2067, -2.0940, -0.8429, -0.4469, 0.8429, 0.0000], t=0.0012)
servoj([-1.2053, -2.0940, -0.8400, -0.4508, 0.8400, 0.0000], t=0.0012)
servoj([-1.2038, -2.0940, -0.8371, -0.4547, 0.8371, 0.0000], t=0.0012)
servoj([-1.2023, -2.0940, -0.8341, -0.4587, 0.8341, 0.0000], t=0.0012)
servoj([-1.2009, -2.0940, -0.8312, -0.4626, 0.8312, 0.0000], t=0.0012)
servoj([-1.1994, -2.0940, -0.8282, -0.4665, 0.8282, 0.0000], t=0.0012)
servoj([-1.1979, -2.0940, -0.8253, -0.4704, 0.8253, 0.0000], t=0.0012)
servoj([-1.1964, -2.0940, -0.8223, -0.4744, 0.8223, 0.0000], t=0.0012)
servoj([-1.1950, -2.0940, -0.8194, -0.4783, 0.8194, 0.0000], t=0.0012)
servoj([-1.1935, -2.0940, -0.8165, -0.4822, 0.8165, 0.0000], t=0.0012)
servoj([-1.1920, -2.0940, -0.8135, -0.4862, 0.8135, 0.0000], t=0.0012)
servoj([-1.1905, -2.0940, -0.8106, -0.4901, 0.8106, 0.0000], t=0.0012)
servoj([-1.1891, -2.0940, -0.8076, -0.4940, 0.8076, 0.0000], t=0.0012)
servoj([-1.1876, -2.0940, -0.8047, -0.4979, 0.8047, 0.0000], t=0.0012)
servoj([-1.1861, -2.0940, -0.8017, -0.5019, 0.8017, 0.0000], t=0.0012)
servoj([-1.1846, -2.0940, -0.7988, -0.5058, 0.7988, 0.0000], t=0.0012)
servoj([-1.1832, -2.0940, -0.7958, -0.5097, 0.7958, 0.0000], t=0.0012)
servoj([-1.1817, -2.0940, -0.7929, -0.5137, 0.7929, 0.0000], t=0.0012)
servoj([-1.1802, -2.0940, -0.7899, -0.5176, 0.7899, 0.0000], t=0.0012)
servoj([-1.1787, -2.0940, -0.7870, -0.5215, 0.7870, 0.0000], t=0.0012)
servoj([-1.1773, -2.0940, -0.7840, -0.5255, 0.7840, 0.0000], t=0.0012)
servoj([-1.1758, -2.0940, -0.7811, -0.5294, 0.7811, 0.0000], t=0.0012)
servoj([-1.1743, -2.0940, -0.7781, -0.5333, 0.7781, 0.0000], t=0.0012)
servoj([-1.1728, -2.0940, -0.7752, -0.5373, 0.7752, 0.0000], t=0.0012)
servoj([-1.1714, -2.0940, -0.7722, -0.5412, 0.7722, 0.0000], t=0.0012)
servoj([-1.1699, -2.0940, -0.7693, -0.5451, 0.7693, 0.0000], t=0.0012)
servoj([-1.1684, -2.0940, -0.7663, -0.5491, 0.7663, 0.0000], t=0.0012)
servoj([-1.1669, -2.0940, -0.7634, -0.5530, 0.7634, 0.0000], t=0.0012)
servoj([-1.1655, -2.0940, -0.7604, -0.5569, 0.7604, 0.0000], t=0.0012)
servoj([-1.1640, -2.0940, -0.7575, -0.5608, 0.7575, 0.0000], t=0.0012)
servoj([-1.1625, -2.0940, -0.7545, -0.5648, 0.7545, 0.0000], t=0.0012)
servoj([-1.1610, -2.0940, -0.7516, -0.5687, 0.7516, 0.0000], t=0.0012)
servoj([-1.1596, -2.0940, -0.7487, -0.5726, 0.7487, 0.0000], t=0.0012)
servoj([-1.1581, -2.0940, -0.7457, -0.5766, 0.7457, 0.0000], t=0.0012)
servoj([-1.1566, -2.0940, -0.7428, -0.5805, 0.7428, 0.0000], t=0.0012)
servoj([-1.1551, -2.0940, -0.7398, -0.5844, 0.7398, 0.0000], t=0.0012)
servoj([-1.1537, -2.0940, -0.7369, -0.5883, 0.7369, 0.0000], t=0.0012)
servoj([-1.1522, -2.0940, -0.7339, -0.5923, 0.7339, 0.0000], t=0.0012)
servoj([-1.1507, -2.0940, -0.7310, -0.5962, 0.7310, 0.0000], t=0.0012)
servoj([-1.1493, -2.0940, -0.7281, -0.6001, 0.7281, 0.0000], t=0.0012)
servoj([-1.1478, -2.0940, -0.7251, -0.6040, 0.7251, 0.0000], t=0.0012)
servoj([-1.1463, -2.0940, -0.7222, -0.6079, 0.7222, 0.0000], t=0.0012)
servoj([-1.1449, -2.0940, -0.7192, -0.6119, 0.7192, 0.0000], t=0.0012)
servoj([-1.1434, -2.0940, -0.7163, -0.6158, 0.7163, 0.0000], t=0.0012)
servoj([-1.1419, -2.0940, -0.7134, -0.6197, 0.7134, 0.0000], t=0.0012)
servoj([-1.1404, -2.0940, -0.7104, -0.6236, 0.7104, 0.0000], t=0.0012)
servoj([-1.1390, -2.0940, -0.7075, -0.6275, 0.7075, 0.0000], t=0.0012)
servoj([-1.1375, -2.0940, -0.7046, -0.6314, 0.7046, 0.0000], t=0.0012)
servoj([-1.1360, -2.0940, -0.7016, -0.6353, 0.7016, 0.0000], t=0.0012)
servoj([-1.1346, -2.0940, -0.6987, -0.6392, 0.6987, 0.0000], t=0.0012)
servoj([-1.1331, -2.0940, -0.6958, -0.6431, 0.6958, 0.0000], t=0.0012)
servoj([-1.1317, -2.0940, -0.6929, -0.6470, 0.6929, 0.0000], t=0.0012)
servoj([-1.1302, -2.0940, -0.6899, -0.6509, 0.6899, 0.0000], t=0.0012)
servoj([-1.1287, -2.0940, -0.6870, -0.6548, 0.6870, 0.0000], t=0.0012)
servoj([-1.1273, -2.0940, -0.6841, -0.6587, 0.6841, 0.0000], t=0.0012)
servoj([-1.1258, -2.0940, -0.6812, -0.6626, 0.6812, 0.0000], t=0.0012)
servoj([-1.1243, -2.0940, -0.6783, -0.6665, 0.6783, 0.0000], t=0.0012)
servoj([-1.1229, -2.0940, -0.6753, -0.6704, 0.6753, 0.0000], t=0.0012)
servoj([-1.1214, -2.0940, -0.6724, -0.6743, 0.6724, 0.0000], t=0.0012)
servoj([-1.1200, -2.0940, -0.6695, -0.6782, 0.6695, 0.0000], t=0.0012)
servoj([-1.1185, -2.0940, -0.6666, -0.6821, 0.6666, 0.0000], t=0.0012)
servoj([-1.1171, -2.0940, -0.6637, -0.6859, 0.6637, 0.0000], t=0.0012)
servoj([-1.1156, -2.0940, -0.6608, -0.6898, 0.6608, 0.0000], t=0.0012)
servoj([-1.1142, -2.0940, -0.6579, -0.6937, 0.6579, 0.0000], t=0.0012)
servoj([-1.1127, -2.0940, -0.6550, -0.6976, 0.6550, 0.0000], t=0.0012)
servoj([-1.1112, -2.0940, -0.6521, -0.7014, 0.6521, 0.0000], t=0.0012)
servoj([-1.1098, -2.0940, -0.6492, -0.7053, 0.6492, 0.0000], t=0.0012)
servoj([-1.1083, -2.0940, -0.6463, -0.7091, 0.6463, 0.0000], t=0.0012)
servoj([-1.1069, -2.0940, -0.6434, -0.7130, 0.6434, 0.0000], t=0.0012)
servoj([-1.1055, -2.0940, -0.6405, -0.7169, 0.6405, 0.0000], t=0.0012)
servoj([-1.1040, -2.0940, -0.6376, -0.7207, 0.6376, 0.0000], t=0.0012)
servoj([-1.1026, -2.0940, -0.6347, -0.7246, 0.6347, 0.0000], t=0.0012)
servoj([-1.1011, -2.0940, -0.6318, -0.7284, 0.6318, 0.0000], t=0.0012)
servoj([-1.0997, -2.0940, -0.6290, -0.7323, 0.6290, 0.0000], t=0.0012)
servoj([-1.0982, -2.0940, -0.6261, -0.7361, 0.6261, 0.0000], t=0.0012)
servoj([-1.0968, -2.0940, -0.6232, -0.7399, 0.6232, 0.0000], t=0.0012)
servoj([-1.0954, -2.0940, -0.6203, -0.7438, 0.6203, 0.0000], t=0.0012)
servoj([-1.0939, -2.0940, -0.6174, -0.7476, 0.6174, 0.0000], t=0.0012)
servoj([-1.0925, -2.0940, -0.6146, -0.7514, 0.6146, 0.0000], t=0.0012)
servoj([-1.0911, -2.0940, -0.6117, -0.7553, 0.6117, 0.0000], t=0.0012)
servoj([-1.0896, -2.0940, -0.6088, -0.7591, 0.6088, 0.0000], t=0.0012)
servoj([-1.0882, -2.0940, -0.6060, -0.7629, 0.6060, 0.0000], t=0.0012)
servoj([-1.0868, -2.0940, -0.6031, -0.7667, 0.6031, 0.0000], t=0.0012)
servoj([-1.0853, -2.0940, -0.6003, -0.7705, 0.6003, 0.0000], t=0.0012)
servoj([-1.0839, -2.0940, -0.5974, -0.7743, 0.5974, 0.0000], t=0.0012)
servoj([-1.0825, -2.0940, -0.5946, -0.7781, 0.5946, 0.0000], t=0.0012)
servoj([-1.0811, -2.0940, -0.5917, -0.7819, 0.5917, 0.0000], t=0.0012)
servoj([-1.0796, -2.0940, -0.5889, -0.7857, 0.5889, 0.0000], t=0.0012)
servoj([-1.0782, -2.0940, -0.5860, -0.7895, 0.5860, 0.0000], t=0.0012)
servoj([-1.0768, -2.0940, -0.5832, -0.7933, 0.5832, 0.0000], t=0.0012)
servoj([-1.0754, -2.0940, -0.5804, -0.7971, 0.5804, 0.0000], t=0.0012)
servoj([-1.0740, -2.0940, -0.5775, -0.8008, 0.5775, 0.0000], t=0.0012)
servoj([-1.0725, -2.0940, -0.5747, -0.8046, 0.5747, 0.0000], t=0.0012)
servoj([-1.0711, -2.0940, -0.5719, -0.8084, 0.5719, 0.0000], t=0.0012)
servoj([-1.0697, -2.0940, -0.5691, -0.8121, 0.5691, 0.0000], t=0.0012)
servoj([-1.0683, -2.0940, -0.5663, -0.8159, 0.5663, 0.0000], t=0.0012)
servoj([-1.0669, -2.0940, -0.5634, -0.8196, 0.5634, 0.0000], t=0.0012)
servoj([-1.0655, -2.0940, -0.5606, -0.8234, 0.5606, 0.0000], t=0.0012)
servoj([-1.0641, -2.0940, -0.5578, -0.8271, 0.5578, 0.0000], t=0.0012)
servoj([-1.0627, -2.0940, -0.5550, -0.8309, 0.5550, 0.0000], t=0.0012)
servoj([-1.0613, -2.0940, -0.5522, -0.8346, 0.5522, 0.0000], t=0.0012)
servoj([-1.0599, -2.0940, -0.5494, -0.8383, 0.5494, 0.0000], t=0.0012)
servoj([-1.0585, -2.0940, -0.5466, -0.8420, 0.5466, 0.0000], t=0.0012)
servoj([-1.0571, -2.0940, -0.5438, -0.8458, 0.5438, 0.0000], t=0.0012)
servoj([-1.0557, -2.0940, -0.5411, -0.8495, 0.5411, 0.0000], t=0.0012)
servoj([-1.0543, -2.0940, -0.5383, -0.8532, 0.5383, 0.0000], t=0.0012)
servoj([-1.0529, -2.0940, -0.5355, -0.8569, 0.5355, 0.0000], t=0.0012)
servoj([-1.0515, -2.0940, -0.5327, -0.8606, 0.5327, 0.0000], t=0.0012)
servoj([-1.0501, -2.0940, -0.5300, -0.8643, 0.5300, 0.0000], t=0.0012)
servoj([-1.0488, -2.0940, -0.5272, -0.8680, 0.5272, 0.0000], t=0.0012)
servoj([-1.0474, -2.0940, -0.5244, -0.8716, 0.5244, 0.0000], t=0.0012)
servoj([-1.0460, -2.0940, -0.5217, -0.8753, 0.5217, 0.0000], t=0.0012)
servoj([-1.0446, -2.0940, -0.5189, -0.8790, 0.5189, 0.0000], t=0.0012)
servoj([-1.0433, -2.0940, -0.5162, -0.8826, 0.5162, 0.0000], t=0.0012)
servoj([-1.0419, -2.0940, -0.5134, -0.8863, 0.5134, 0.0000], t=0.0012)
servoj([-1.0405, -2.0940, -0.5107, -0.8900, 0.5107, 0.0000], t=0.0012)
servoj([-1.0391, -2.0940, -0.5080, -0.8936, 0.5080, 0.0000], t=0.0012)
servoj([-1.0378, -2.0940, -0.5052, -0.8972, 0.5052, 0.0000], t=0.0012)
servoj([-1.0364, -2.0940, -0.5025, -0.9009, 0.5025, 0.0000], t=0.0012)
servoj([-1.0351, -2.0940, -0.4998, -0.9045, 0.4998, 0.0000], t=0.0012)
servoj([-1.0337, -2.0940, -0.4971, -0.9081, 0.4971, 0.0000], t=0.0012)
servoj([-1.0323, -2.0940, -0.4944, -0.9118, 0.4944, 0.0000], t=0.0012)
servoj([-1.0310, -2.0940, -0.4916, -0.9154, 0.4916, 0.0000], t=0.0012)
servoj([-1.0296, -2.0940, -0.4889, -0.9190, 0.4889, 0.0000], t=0.0012)
servoj([-1.0283, -2.0940, -0.4862, -0.9226, 0.4862, 0.0000], t=0.0012)
servoj([-1.0269, -2.0940, -0.4836, -0.9262, 0.4836, 0.0000], t=0.0012)
servoj([-1.0256, -2.0940, -0.4809, -0.9297, 0.4809, 0.0000], t=0.0012)
servoj([-1.0242, -2.0940, -0.4782, -0.9333, 0.4782, 0.0000], t=0.0012)
servoj([-1.0229, -2.0940, -0.4755, -0.9369, 0.4755, 0.0000], t=0.0012)
servoj([-1.0216, -2.0940, -0.4728, -0.9405, 0.4728, 0.0000], t=0.0012)
servoj([-1.0202, -2.0940, -0.4702, -0.9440, 0.4702, 0.0000], t=0.0012)
servoj([-1.0189, -2.0940, -0.4675, -0.9476, 0.4675, 0.0000], t=0.0012)
servoj([-1.0176, -2.0940, -0.4648, -0.9511, 0.4648, 0.0000], t=0.0012)
servoj([-1.0162, -2.0940, -0.4622, -0.9547, 0.4622, 0.0000], t=0.0012)
servoj([-1.0149, -2.0940, -0.4595, -0.9582, 0.4595, 0.0000], t=0.0012)
servoj([-1.0136, -2.0940, -0.4569, -0.9617, 0.4569, 0.0000], t=0.0012)
servoj([-1.0123, -2.0940, -0.4542, -0.9652, 0.4542, 0.0000], t=0.0012)
servoj([-1.0109, -2.0940, -0.4516, -0.9688, 0.4516, 0.0000], t=0.0012)
servoj([-1.0096, -2.0940, -0.4490, -0.9723, 0.4490, 0.0000], t=0.0012)
servoj([-1.0083, -2.0940, -0.4464, -0.9758, 0.4464, 0.0000], t=0.0012)
servoj([-1.0070, -2.0940, -0.4437, -0.9793, 0.4437, 0.0000], t=0.0012)
servoj([-1.0057, -2.0940, -0.4411, -0.9827, 0.4411, 0.0000], t=0.0012)
servoj([-1.0044, -2.0940, -0.4385, -0.9862, 0.4385, 0.0000], t=0.0012)
servoj([-1.0031, -2.0940, -0.4359, -0.9897, 0.4359, 0.0000], t=0.0012)
servoj([-1.0018, -2.0940, -0.4333, -0.9931, 0.4333, 0.0000], t=0.0012)
servoj([-1.0005, -2.0940, -0.4307, -0.9966, 0.4307, 0.0000], t=0.0012)
servoj([-0.9992, -2.0940, -0.4281, -1.0000, 0.4281, 0.0000], t=0.0012)
servoj([-0.9979, -2.0940, -0.4256, -1.0035, 0.4256, 0.0000], t=0.0012)
servoj([-0.9966, -2.0940, -0.4230, -1.0069, 0.4230, 0.0000], t=0.0012)
servoj([-0.9953, -2.0940, -0.4204, -1.0103, 0.4204, 0.0000], t=0.0012)
servoj([-0.9941, -2.0940, -0.4179, -1.0138, 0.4179, 0.0000], t=0.0012)
servoj([-0.9928, -2.0940, -0.4153, -1.0172, 0.4153, 0.0000], t=0.0012)
servoj([-0.9915, -2.0940, -0.4128, -1.0206, 0.4128, 0.0000], t=0.0012)
servoj([-0.9902, -2.0940, -0.4102, -1.0240, 0.4102, 0.0000], t=0.0012)
servoj([-0.9890, -2.0940, -0.4077, -1.0274, 0.4077, 0.0000], t=0.0012)
servoj([-0.9877, -2.0940, -0.4051, -1.0307, 0.4051, 0.0000], t=0.0012)
servoj([-0.9864, -2.0940, -0.4026, -1.0341, 0.4026, 0.0000], t=0.0012)
servoj([-0.9852, -2.0940, -0.4001, -1.0375, 0.4001, 0.0000], t=0.0012)
servoj([-0.9839, -2.0940, -0.3976, -1.0408, 0.3976, 0.0000], t=0.0012)
servoj([-0.9827, -2.0940, -0.3951, -1.0442, 0.3951, 0.0000], t=0.0012)
servoj([-0.9814, -2.0940, -0.3926, -1.0475, 0.3926, 0.0000], t=0.0012)
servoj([-0.9802, -2.0940, -0.3901, -1.0508, 0.3901, 0.0000], t=0.0012)
servoj([-0.9789, -2.0940, -0.3876, -1.0542, 0.3876, 0.0000], t=0.0012)
servoj([-0.9777, -2.0940, -0.3851, -1.0575, 0.3851, 0.0000], t=0.0012)
servoj([-0.9764, -2.0940, -0.3826, -1.0608, 0.3826, 0.0000], t=0.0012)
servoj([-0.9752, -2.0940, -0.3801, -1.0641, 0.3801, 0.0000], t=0.0012)
servoj([-0.9740, -2.0940, -0.3777, -1.0674, 0.3777, 0.0000], t=0.0012)
servoj([-0.9727, -2.0940, -0.3752, -1.0706, 0.3752, 0.0000], t=0.0012)
servoj([-0.9715, -2.0940, -0.3728, -1.0739, 0.3728, 0.0000], t=0.0012)
servoj([-0.9703, -2.0940, -0.3703, -1.0772, 0.3703, 0.0000], t=0.0012)
servoj([-0.9690, -2.0940, -0.3679, -1.0804, 0.3679, 0.0000], t=0.0012)
servoj([-0.9678, -2.0940, -0.3654, -1.0837, 0.3654, 0.0000], t=0.0012)
servoj([-0.9666, -2.0940, -0.3630, -1.0869, 0.3630, 0.0000], t=0.0012)
servoj([-0.9654, -2.0940, -0.3606, -1.0901, 0.3606, 0.0000], t=0.0012)
servoj([-0.9642, -2.0940, -0.3582, -1.0934, 0.3582, 0.0000], t=0.0012)
servoj([-0.9630, -2.0940, -0.3558, -1.0966, 0.3558, 0.0000], t=0.0012)
servoj([-0.9618, -2.0940, -0.3534, -1.0998, 0.3534, 0.0000], t=0.0012)
servoj([-0.9606, -2.0940, -0.3510, -1.1030, 0.3510, 0.0000], t=0.0012)
servoj([-0.9594, -2.0940, -0.3486, -1.1062, 0.3486, 0.0000], t=0.0012)
servoj([-0.9582, -2.0940, -0.3462, -1.1093, 0.3462, 0.0000], t=0.0012)
servoj([-0.9570, -2.0940, -0.3438, -1.1125, 0.3438, 0.0000], t=0.0012)
servoj([-0.9558, -2.0940, -0.3415, -1.1157, 0.3415, 0.0000], t=0.0012)
servoj([-0.9547, -2.0940, -0.3391, -1.1188, 0.3391, 0.0000], t=0.0012)
servoj([-0.9535, -2.0940, -0.3367, -1.1219, 0.3367, 0.0000], t=0.0012)
servoj([-0.9523, -2.0940, -0.3344, -1.1251, 0.3344, 0.0000], t=0.0012)
servoj([-0.9511, -2.0940, -0.3320, -1.1282, 0.3320, 0.0000], t=0.0012)
servoj([-0.9500, -2.0940, -0.3297, -1.1313, 0.3297, 0.0000], t=0.0012)
servoj([-0.9488, -2.0940, -0.3274, -1.1344, 0.3274, 0.0000], t=0.0012)
servoj([-0.9476, -2.0940, -0.3251, -1.1375, 0.3251, 0.0000], t=0.0012)
servoj([-0.9465, -2.0940, -0.3228, -1.1406, 0.3228, 0.0000], t=0.0012)
servoj([-0.9453, -2.0940, -0.3205, -1.1437, 0.3205, 0.0000], t=0.0012)
servoj([-0.9442, -2.0940, -0.3182, -1.1467, 0.3182, 0.0000], t=0.0012)
servoj([-0.9430, -2.0940, -0.3159, -1.1498, 0.3159, 0.0000], t=0.0012)
servoj([-0.9419, -2.0940, -0.3136, -1.1528, 0.3136, 0.0000], t=0.0012)
servoj([-0.9408, -2.0940, -0.3113, -1.1559, 0.3113, 0.0000], t=0.0012)
servoj([-0.9396, -2.0940, -0.3090, -1.1589, 0.3090, 0.0000], t=0.0012)
servoj([-0.9385, -2.0940, -0.3068, -1.1619, 0.3068, 0.0000], t=0.0012)
servoj([-0.9374, -2.0940, -0.3045, -1.1649, 0.3045, 0.0000], t=0.0012)
servoj([-0.9362, -2.0940, -0.3023, -1.1679, 0.3023, 0.0000], t=0.0012)
servoj([-0.9351, -2.0940, -0.3000, -1.1709, 0.3000, 0.0000], t=0.0012)
servoj([-0.9340, -2.0940, -0.2978, -1.1739, 0.2978, 0.0000], t=0.0012)
servoj([-0.9329, -2.0940, -0.2956, -1.1768, 0.2956, 0.0000], t=0.0012)
servoj([-0.9318, -2.0940, -0.2934, -1.1798, 0.2934, 0.0000], t=0.0012)
servoj([-0.9307, -2.0940, -0.2911, -1.1827, 0.2911, 0.0000], t=0.0012)
servoj([-0.9296, -2.0940, -0.2889, -1.1857, 0.2889, 0.0000], t=0.0012)
servoj([-0.9285, -2.0940, -0.2867, -1.1886, 0.2867, 0.0000], t=0.0012)
servoj([-0.9274, -2.0940, -0.2846, -1.1915, 0.2846, 0.0000], t=0.0012)
servoj([-0.9263, -2.0940, -0.2824, -1.1944, 0.2824, 0.0000], t=0.0012)
servoj([-0.9252, -2.0940, -0.2802, -1.1973, 0.2802, 0.0000], t=0.0012)
servoj([-0.9241, -2.0940, -0.2780, -1.2002, 0.2780, 0.0000], t=0.0012)
servoj([-0.9230, -2.0940, -0.2759, -1.2031, 0.2759, 0.0000], t=0.0012)
servoj([-0.9220, -2.0940, -0.2737, -1.2060, 0.2737, 0.0000], t=0.0012)
servoj([-0.9209, -2.0940, -0.2716, -1.2088, 0.2716, 0.0000], t=0.0012)
servoj([-0.9198, -2.0940, -0.2695, -1.2117, 0.2695, 0.0000], t=0.0012)
servoj([-0.9188, -2.0940, -0.2673, -1.2145, 0.2673, 0.0000], t=0.0012)
servoj([-0.9177, -2.0940, -0.2652, -1.2173, 0.2652, 0.0000], t=0.0012)
servoj([-0.9166, -2.0940, -0.2631, -1.2201, 0.2631, 0.0000], t=0.0012)
servoj([-0.9156, -2.0940, -0.2610, -1.2229, 0.2610, 0.0000], t=0.0012)
servoj([-0.9145, -2.0940, -0.2589, -1.2257, 0.2589, 0.0000], t=0.0012)
servoj([-0.9135, -2.0940, -0.2568, -1.2285, 0.2568, 0.0000], t=0.0012)
servoj([-0.9125, -2.0940, -0.2547, -1.2313, 0.2547, 0.0000], t=0.0012)
servoj([-0.9114, -2.0940, -0.2527, -1.2340, 0.2527, 0.0000], t=0.0012)
servoj([-0.9104, -2.0940, -0.2506, -1.2368, 0.2506, 0.0000], t=0.0012)
servoj([-0.9094, -2.0940, -0.2486, -1.2395, 0.2486, 0.0000], t=0.0012)
servoj([-0.9083, -2.0940, -0.2465, -1.2423, 0.2465, 0.0000], t=0.0012)
servoj([-0.9073, -2.0940, -0.2445, -1.2450, 0.2445, 0.0000], t=0.0012)
servoj([-0.9063, -2.0940, -0.2424, -1.2477, 0.2424, 0.0000], t=0.0012)
servoj([-0.9053, -2.0940, -0.2404, -1.2504, 0.2404, 0.0000], t=0.0012)
servoj([-0.9043, -2.0940, -0.2384, -1.2531, 0.2384, 0.0000], t=0.0012)
servoj([-0.9033, -2.0940, -0.2364, -1.2558, 0.2364, 0.0000], t=0.0012)
servoj([-0.9023, -2.0940, -0.2344, -1.2584, 0.2344, 0.0000], t=0.0012)
servoj([-0.9013, -2.0940, -0.2324, -1.2611, 0.2324, 0.0000], t=0.0012)
servoj([-0.9003, -2.0940, -0.2304, -1.2637, 0.2304, 0.0000], t=0.0012)
servoj([-0.8993, -2.0940, -0.2285, -1.2664, 0.2285, 0.0000], t=0.0012)
servoj([-0.8983, -2.0940, -0.2265, -1.2690, 0.2265, 0.0000], t=0.0012)
servoj([-0.8973, -2.0940, -0.2245, -1.2716, 0.2245, 0.0000], t=0.0012)
servoj([-0.8964, -2.0940, -0.2226, -1.2742, 0.2226, 0.0000], t=0.0012)
servoj([-0.8954, -2.0940, -0.2206, -1.2768, 0.2206, 0.0000], t=0.0012)
servoj([-0.8944, -2.0940, -0.2187, -1.2793, 0.2187, 0.0000], t=0.0012)
servoj([-0.8935, -2.0940, -0.2168, -1.2819, 0.2168, 0.0000], t=0.0012)
servoj([-0.8925, -2.0940, -0.2149, -1.2845, 0.2149, 0.0000], t=0.0012)
servoj([-0.8915, -2.0940, -0.2130, -1.2870, 0.2130, 0.0000], t=0.0012)
servoj([-0.8906, -2.0940, -0.2111, -1.2895, 0.2111, 0.0000], t=0.0012)
servoj([-0.8897, -2.0940, -0.2092, -1.2921, 0.2092, 0.0000], t=0.0012)
servoj([-0.8887, -2.0940, -0.2073, -1.2946, 0.2073, 0.0000], t=0.0012)
servoj([-0.8878, -2.0940, -0.2054, -1.2971, 0.2054, 0.0000], t=0.0012)
servoj([-0.8868, -2.0940, -0.2035, -1.2996, 0.2035, 0.0000], t=0.0012)
servoj([-0.8859, -2.0940, -0.2017, -1.3020, 0.2017, 0.0000], t=0.0012)
servoj([-0.8850, -2.0940, -0.1998, -1.3045, 0.1998, 0.0000], t=0.0012)
servoj([-0.8841, -2.0940, -0.1980, -1.3069, 0.1980, 0.0000], t=0.0012)
servoj([-0.8832, -2.0940, -0.1962, -1.3094, 0.1962, 0.0000], t=0.0012)
servoj([-0.8822, -2.0940, -0.1944, -1.3118, 0.1944, 0.0000], t=0.0012)
servoj([-0.8813, -2.0940, -0.1925, -1.3142, 0.1925, 0.0000], t=0.0012)
servoj([-0.8804, -2.0940, -0.1907, -1.3166, 0.1907, 0.0000], t=0.0012)
servoj([-0.8795, -2.0940, -0.1889, -1.3190, 0.1889, 0.0000], t=0.0012)
servoj([-0.8786, -2.0940, -0.1872, -1.3214, 0.1872, 0.0000], t=0.0012)
servoj([-0.8777, -2.0940, -0.1854, -1.3238, 0.1854, 0.0000], t=0.0012)
servoj([-0.8769, -2.0940, -0.1836, -1.3262, 0.1836, 0.0000], t=0.0012)
servoj([-0.8760, -2.0940, -0.1818, -1.3285, 0.1818, 0.0000], t=0.0012)
servoj([-0.8751, -2.0940, -0.1801, -1.3308, 0.1801, 0.0000], t=0.0012)
servoj([-0.8742, -2.0940, -0.1783, -1.3332, 0.1783, 0.0000], t=0.0012)
servoj([-0.8734, -2.0940, -0.1766, -1.3355, 0.1766, 0.0000], t=0.0012)
servoj([-0.8725, -2.0940, -0.1749, -1.3378, 0.1749, 0.0000], t=0.0012)
servoj([-0.8716, -2.0940, -0.1732, -1.3401, 0.1732, 0.0000], t=0.0012)
servoj([-0.8708, -2.0940, -0.1715, -1.3424, 0.1715, 0.0000], t=0.0012)
servoj([-0.8699, -2.0940, -0.1698, -1.3446, 0.1698, 0.0000], t=0.0012)
servoj([-0.8691, -2.0940, -0.1681, -1.3469, 0.1681, 0.0000], t=0.0012)
servoj([-0.8682, -2.0940, -0.1664, -1.3491, 0.1664, 0.0000], t=0.0012)
servoj([-0.8674, -2.0940, -0.1647, -1.3514, 0.1647, 0.0000], t=0.0012)
servoj([-0.8666, -2.0940, -0.1630, -1.3536, 0.1630, 0.0000], t=0.0012)
servoj([-0.8657, -2.0940, -0.1614, -1.3558, 0.1614, 0.0000], t=0.0012)
servoj([-0.8649, -2.0940, -0.1597, -1.3580, 0.1597, 0.0000], t=0.0012)
servoj([-0.8641, -2.0940, -0.1581, -1.3602, 0.1581, 0.0000], t=0.0012)
servoj([-0.8633, -2.0940, -0.1565, -1.3623, 0.1565, 0.0000], t=0.0012)
servoj([-0.8625, -2.0940, -0.1548, -1.3645, 0.1548, 0.0000], t=0.0012)
servoj([-0.8617, -2.0940, -0.1532, -1.3667, 0.1532, 0.0000], t=0.0012)
servoj([-0.8609, -2.0940, -0.1516, -1.3688, 0.1516, 0.0000], t=0.0012)
servoj([-0.8601, -2.0940, -0.1500, -1.3709, 0.1500, 0.0000], t=0.0012)
servoj([-0.8593, -2.0940, -0.1485, -1.3730, 0.1485, 0.0000], t=0.0012)
servoj([-0.8585, -2.0940, -0.1469, -1.3751, 0.1469, 0.0000], t=0.0012)
servoj([-0.8577, -2.0940, -0.1453, -1.3772, 0.1453, 0.0000], t=0.0012)
servoj([-0.8569, -2.0940, -0.1437, -1.3793, 0.1437, 0.0000], t=0.0012)
servoj([-0.8561, -2.0940, -0.1422, -1.3814, 0.1422, 0.0000], t=0.0012)
servoj([-0.8554, -2.0940, -0.1407, -1.3834, 0.1407, 0.0000], t=0.0012)
servoj([-0.8546, -2.0940, -0.1391, -1.3855, 0.1391, 0.0000], t=0.0012)
servoj([-0.8538, -2.0940, -0.1376, -1.3875, 0.1376, 0.0000], t=0.0012)
servoj([-0.8531, -2.0940, -0.1361, -1.3895, 0.1361, 0.0000], t=0.0012)
servoj([-0.8523, -2.0940, -0.1346, -1.3915, 0.1346, 0.0000], t=0.0012)
servoj([-0.8516, -2.0940, -0.1331, -1.3935, 0.1331, 0.0000], t=0.0012)
servoj([-0.8508, -2.0940, -0.1316, -1.3955, 0.1316, 0.0000], t=0.0012)
servoj([-0.8501, -2.0940, -0.1301, -1.3975, 0.1301, 0.0000], t=0.0012)
servoj([-0.8494, -2.0940, -0.1287, -1.3994, 0.1287, 0.0000], t=0.0012)
servoj([-0.8486, -2.0940, -0.1272, -1.4014, 0.1272, 0.0000], t=0.0012)
servoj([-0.8479, -2.0940, -0.1258, -1.4033, 0.1258, 0.0000], t=0.0012)
servoj([-0.8472, -2.0940, -0.1243, -1.4052, 0.1243, 0.0000], t=0.0012)
servoj([-0.8465, -2.0940, -0.1229, -1.4071, 0.1229, 0.0000], t=0.0012)
servoj([-0.8458, -2.0940, -0.1215, -1.4090, 0.1215, 0.0000], t=0.0012)
servoj([-0.8451, -2.0940, -0.1200, -1.4109, 0.1200, 0.0000], t=0.0012)
servoj([-0.8444, -2.0940, -0.1186, -1.4128, 0.1186, 0.0000], t=0.0012)
servoj([-0.8437, -2.0940, -0.1172, -1.4147, 0.1172, 0.0000], t=0.0012)
servoj([-0.8430, -2.0940, -0.1159, -1.4165, 0.1159, 0.0000], t=0.0012)
servoj([-0.8423, -2.0940, -0.1145, -1.4183, 0.1145, 0.0000], t=0.0012)
servoj([-0.8416, -2.0940, -0.1131, -1.4202, 0.1131, 0.0000], t=0.0012)
servoj([-0.8409, -2.0940, -0.1117, -1.4220, 0.1117, 0.0000], t=0.0012)
servoj([-0.8402, -2.0940, -0.1104, -1.4238, 0.1104, 0.0000], t=0.0012)
servoj([-0.8396, -2.0940, -0.1091, -1.4256, 0.1091, 0.0000], t=0.0012)
servoj([-0.8389, -2.0940, -0.1077, -1.4273, 0.1077, 0.0000], t=0.0012)
servoj([-0.8382, -2.0940, -0.1064, -1.4291, 0.1064, 0.0000], t=0.0012)
servoj([-0.8376, -2.0940, -0.1051, -1.4309, 0.1051, 0.0000], t=0.0012)
servoj([-0.8369, -2.0940, -0.1038, -1.4326, 0.1038, 0.0000], t=0.0012)
servoj([-0.8363, -2.0940, -0.1025, -1.4343, 0.1025, 0.0000], t=0.0012)
servoj([-0.8356, -2.0940, -0.1012, -1.4360, 0.1012, 0.0000], t=0.0012)
servoj([-0.8350, -2.0940, -0.0999, -1.4377, 0.0999, 0.0000], t=0.0012)
servoj([-0.8344, -2.0940, -0.0987, -1.4394, 0.0987, 0.0000], t=0.0012)
servoj([-0.8337, -2.0940, -0.0974, -1.4411, 0.0974, 0.0000], t=0.0012)
servoj([-0.8331, -2.0940, -0.0961, -1.4428, 0.0961, 0.0000], t=0.0012)
servoj([-0.8325, -2.0940, -0.0949, -1.4444, 0.0949, 0.0000], t=0.0012)
servoj([-0.8319, -2.0940, -0.0937, -1.4461, 0.0937, 0.0000], t=0.0012)
servoj([-0.8313, -2.0940, -0.0924, -1.4477, 0.0924, 0.0000], t=0.0012)
servoj([-0.8306, -2.0940, -0.0912, -1.4493, 0.0912, 0.0000], t=0.0012)
servoj([-0.8300, -2.0940, -0.0900, -1.4509, 0.0900, 0.0000], t=0.0012)
servoj([-0.8294, -2.0940, -0.0888, -1.4525, 0.0888, 0.0000], t=0.0012)
servoj([-0.8289, -2.0940, -0.0876, -1.4541, 0.0876, 0.0000], t=0.0012)
servoj([-0.8283, -2.0940, -0.0865, -1.4557, 0.0865, 0.0000], t=0.0012)
servoj([-0.8277, -2.0940, -0.0853, -1.4572, 0.0853, 0.0000], t=0.0012)
servoj([-0.8271, -2.0940, -0.0841, -1.4588, 0.0841, 0.0000], t=0.0012)
servoj([-0.8265, -2.0940, -0.0830, -1.4603, 0.0830, 0.0000], t=0.0012)
servoj([-0.8259, -2.0940, -0.0818, -1.4619, 0.0818, 0.0000], t=0.0012)
servoj([-0.8254, -2.0940, -0.0807, -1.4634, 0.0807, 0.0000], t=0.0012)
servoj([-0.8248, -2.0940, -0.0796, -1.4649, 0.0796, 0.0000], t=0.0012)
servoj([-0.8243, -2.0940, -0.0785, -1.4663, 0.0785, 0.0000], t=0.0012)
servoj([-0.8237, -2.0940, -0.0774, -1.4678, 0.0774, 0.0000], t=0.0012)
servoj([-0.8232, -2.0940, -0.0763, -1.4693, 0.0763, 0.0000], t=0.0012)
servoj([-0.8226, -2.0940, -0.0752, -1.4707, 0.0752, 0.0000], t=0.0012)
servoj([-0.8221, -2.0940, -0.0741, -1.4722, 0.0741, 0.0000], t=0.0012)
servoj([-0.8215, -2.0940, -0.0730, -1.4736, 0.0730, 0.0000], t=0.0012)
servoj([-0.8210, -2.0940, -0.0720, -1.4750, 0.0720, 0.0000], t=0.0012)
servoj([-0.8205, -2.0940, -0.0709, -1.4764, 0.0709, 0.0000], t=0.0012)
servoj([-0.8200, -2.0940, -0.0699, -1.4778, 0.0699, 0.0000], t=0.0012)
servoj([-0.8194, -2.0940, -0.0688, -1.4792, 0.0688, 0.0000], t=0.0012)
servoj([-0.8189, -2.0940, -0.0678, -1.4806, 0.0678, 0.0000], t=0.0012)
servoj([-0.8184, -2.0940, -0.0668, -1.4819, 0.0668, 0.0000], t=0.0012)
servoj([-0.8179, -2.0940, -0.0658, -1.4833, 0.0658, 0.0000], t=0.0012)
servoj([-0.8174, -2.0940, -0.0648, -1.4846, 0.0648, 0.0000], t=0.0012)
servoj([-0.8169, -2.0940, -0.0638, -1.4859, 0.0638, 0.0000], t=0.0012)
servoj([-0.8164, -2.0940, -0.0628, -1.4872, 0.0628, 0.0000], t=0.0012)
servoj([-0.8160, -2.0940, -0.0619, -1.4885, 0.0619, 0.0000], t=0.0012)
servoj([-0.8155, -2.0940, -0.0609, -1.4898, 0.0609, 0.0000], t=0.0012)
servoj([-0.8150, -2.0940, -0.0599, -1.4911, 0.0599, 0.0000], t=0.0012)
servoj([-0.8145, -2.0940, -0.0590, -1.4923, 0.0590, 0.0000], t=0.0012)
servoj([-0.8141, -2.0940, -0.0581, -1.4936, 0.0581, 0.0000], t=0.0012)
servoj([-0.8136, -2.0940, -0.0571, -1.4948, 0.0571, 0.0000], t=0.0012)
servoj([-0.8131, -2.0940, -0.0562, -1.4960, 0.0562, 0.0000], t=0.0012)
servoj([-0.8127, -2.0940, -0.0553, -1.4972, 0.0553, 0.0000], t=0.0012)
servoj([-0.8122, -2.0940, -0.0544, -1.4984, 0.0544, 0.0000], t=0.0012)
servoj([-0.8118, -2.0940, -0.0535, -1.4996, 0.0535, 0.0000], t=0.0012)
servoj([-0.8113, -2.0940, -0.0526, -1.5008, 0.0526, 0.0000], t=0.0012)
servoj([-0.8109, -2.0940, -0.0518, -1.5020, 0.0518, 0.0000], t=0.0012)
servoj([-0.8105, -2.0940, -0.0509, -1.5031, 0.0509, 0.0000], t=0.0012)
servoj([-0.8100, -2.0940, -0.0500, -1.5043, 0.0500, 0.0000], t=0.0012)
servoj([-0.8096, -2.0940, -0.0492, -1.5054, 0.0492, 0.0000], t=0.0012)
servoj([-0.8092, -2.0940, -0.0483, -1.5065, 0.0483, 0.0000], t=0.0012)
servoj([-0.8088, -2.0940, -0.0475, -1.5076, 0.0475, 0.0000], t=0.0012)
servoj([-0.8084, -2.0940, -0.0467, -1.5087, 0.0467, 0.0000], t=0.0012)
servoj([-0.8079, -2.0940, -0.0459, -1.5098, 0.0459, 0.0000], t=0.0012)
servoj([-0.8075, -2.0940, -0.0451, -1.5109, 0.0451, 0.0000], t=0.0012)
servoj([-0.8071, -2.0940, -0.0443, -1.5120, 0.0443, 0.0000], t=0.0012)
servoj([-0.8068, -2.0940, -0.0435, -1.5130, 0.0435, 0.0000], t=0.0012)
servoj([-0.8064, -2.0940, -0.0427, -1.5141, 0.0427, 0.0000], t=0.0012)
servoj([-0.8060, -2.0940, -0.0419, -1.5151, 0.0419, 0.0000], t=0.0012)
servoj([-0.8056, -2.0940, -0.0412, -1.5161, 0.0412, 0.0000], t=0.0012)
servoj([-0.8052, -2.0940, -0.0404, -1.5171, 0.0404, 0.0000], t=0.0012)
servoj([-0.8048, -2.0940, -0.0397, -1.5181, 0.0397, 0.0000], t=0.0012)
servoj([-0.8045, -2.0940, -0.0389, -1.5191, 0.0389, 0.0000], t=0.0012)
servoj([-0.8041, -2.0940, -0.0382, -1.5201, 0.0382, 0.0000], t=0.0012)
servoj([-0.8037, -2.0940, -0.0375, -1.5210, 0.0375, 0.0000], t=0.0012)
servoj([-0.8034, -2.0940, -0.0368, -1.5220, 0.0368, 0.0000], t=0.0012)
servoj([-0.8030, -2.0940, -0.0360, -1.5229, 0.0360, 0.0000], t=0.0012)
servoj([-0.8027, -2.0940, -0.0353, -1.5239, 0.0353, 0.0000], t=0.0012)
servoj([-0.8023, -2.0940, -0.0347, -1.5248, 0.0347, 0.0000], t=0.0012)
servoj([-0.8020, -2.0940, -0.0340, -1.5257, 0.0340, 0.0000], t=0.0012)
servoj([-0.8017, -2.0940, -0.0333, -1.5266, 0.0333, 0.0000], t=0.0012)
servoj([-0.8013, -2.0940, -0.0326, -1.5275, 0.0326, 0.0000], t=0.0012)
servoj([-0.8010, -2.0940, -0.0320, -1.5283, 0.0320, 0.0000], t=0.0012)
servoj([-0.8007, -2.0940, -0.0313, -1.5292, 0.0313, 0.0000], t=0.0012)
servoj([-0.8004, -2.0940, -0.0307, -1.5301, 0.0307, 0.0000], t=0.0012)
servoj([-0.8000, -2.0940, -0.0301, -1.5309, 0.0301, 0.0000], t=0.0012)
servoj([-0.7997, -2.0940, -0.0294, -1.5317, 0.0294, 0.0000], t=0.0012)
servoj([-0.7994, -2.0940, -0.0288, -1.5326, 0.0288, 0.0000], t=0.0012)
servoj([-0.7991, -2.0940, -0.0282, -1.5334, 0.0282, 0.0000], t=0.0012)
servoj([-0.7988, -2.0940, -0.0276, -1.5342, 0.0276, 0.0000], t=0.0012)
servoj([-0.7985, -2.0940, -0.0270, -1.5350, 0.0270, 0.0000], t=0.0012)
servoj([-0.7982, -2.0940, -0.0264, -1.5357, 0.0264, 0.0000], t=0.0012)
servoj([-0.7979, -2.0940, -0.0259, -1.5365, 0.0259, 0.0000], t=0.0012)
servoj([-0.7977, -2.0940, -0.0253, -1.5373, 0.0253, 0.0000], t=0.0012)
servoj([-0.7974, -2.0940, -0.0247, -1.5380, 0.0247, 0.0000], t=0.0012)
servoj([-0.7971, -2.0940, -0.0242, -1.5388, 0.0242, 0.0000], t=0.0012)
servoj([-0.7968, -2.0940, -0.0236, -1.5395, 0.0236, 0.0000], t=0.0012)
servoj([-0.7966, -2.0940, -0.0231, -1.5402, 0.0231, 0.0000], t=0.0012)
servoj([-0.7963, -2.0940, -0.0226, -1.5409, 0.0226, 0.0000], t=0.0012)
servoj([-0.7960, -2.0940, -0.0220, -1.5416, 0.0220, 0.0000], t=0.0012)
servoj([-0.7958, -2.0940, -0.0215, -1.5423, 0.0215, 0.0000], t=0.0012)
servoj([-0.7955, -2.0940, -0.0210, -1.5430, 0.0210, 0.0000], t=0.0012)
servoj([-0.7953, -2.0940, -0.0205, -1.5436, 0.0205, 0.0000], t=0.0012)
servoj([-0.7950, -2.0940, -0.0200, -1.5443, 0.0200, 0.0000], t=0.0012)
servoj([-0.7948, -2.0940, -0.0195, -1.5450, 0.0195, 0.0000], t=0.0012)
servoj([-0.7945, -2.0940, -0.0191, -1.5456, 0.0191, 0.0000], t=0.0012)
servoj([-0.7943, -2.0940, -0.0186, -1.5462, 0.0186, 0.0000], t=0.0012)
servoj([-0.7941, -2.0940, -0.0181, -1.5468, 0.0181, 0.0000], t=0.0012)
servoj([-0.7938, -2.0940, -0.0177, -1.5474, 0.0177, 0.0000], t=0.0012)
servoj([-0.7936, -2.0940, -0.0172, -1.5480, 0.0172, 0.0000], t=0.0012)
servoj([-0.7934, -2.0940, -0.0168, -1.5486, 0.0168, 0.0000], t=0.0012)
servoj([-0.7932, -2.0940, -0.0163, -1.5492, 0.0163, 0.0000], t=0.0012)
servoj([-0.7930, -2.0940, -0.0159, -1.5498, 0.0159, 0.0000], t=0.0012)
servoj([-0.7927, -2.0940, -0.0155, -1.5503, 0.0155, 0.0000], t=0.0012)
servoj([-0.7925, -2.0940, -0.0151, -1.5509, 0.0151, 0.0000], t=0.0012)
servoj([-0.7923, -2.0940, -0.0147, -1.5514, 0.0147, 0.0000], t=0.0012)
servoj([-0.7921, -2.0940, -0.0143, -1.5520, 0.0143, 0.0000], t=0.0012)
servoj([-0.7919, -2.0940, -0.0139, -1.5525, 0.0139, 0.0000], t=0.0012)
servoj([-0.7917, -2.0940, -0.0135, -1.5530, 0.0135, 0.0000], t=0.0012)
servoj([-0.7916, -2.0940, -0.0131, -1.5535, 0.0131, 0.0000], t=0.0012)
servoj([-0.7914, -2.0940, -0.0127, -1.5540, 0.0127, 0.0000], t=0.0012)
servoj([-0.7912, -2.0940, -0.0124, -1.5545, 0.0124, 0.0000], t=0.0012)
servoj([-0.7910, -2.0940, -0.0120, -1.5550, 0.0120, 0.0000], t=0.0012)
servoj([-0.7908, -2.0940, -0.0117, -1.5555, 0.0117, 0.0000], t=0.0012)
servoj([-0.7907, -2.0940, -0.0113, -1.5559, 0.0113, 0.0000], t=0.0012)
servoj([-0.7905, -2.0940, -0.0110, -1.5564, 0.0110, 0.0000], t=0.0012)
servoj([-0.7903, -2.0940, -0.0106, -1.5568, 0.0106, 0.0000], t=0.0012)
servoj([-0.7902, -2.0940, -0.0103, -1.5573, 0.0103, 0.0000], t=0.0012)
servoj([-0.7900, -2.0940, -0.0100, -1.5577, 0.0100, 0.0000], t=0.0012)
servoj([-0.7898, -2.0940, -0.0097, -1.5581, 0.0097, 0.0000], t=0.0012)
servoj([-0.7897, -2.0940, -0.0094, -1.5585, 0.0094, 0.0000], t=0.0012)
servoj([-0.7895, -2.0940, -0.0091, -1.5589, 0.0091, 0.0000], t=0.0012)
servoj([-0.7894, -2.0940, -0.0088, -1.5593, 0.0088, 0.0000], t=0.0012)
servoj([-0.7892, -2.0940, -0.0085, -1.5597, 0.0085, 0.0000], t=0.0012)
servoj([-0.7891, -2.0940, -0.0082, -1.5601, 0.0082, 0.0000], t=0.0012)
servoj([-0.7890, -2.0940, -0.0079, -1.5604, 0.0079, 0.0000], t=0.0012)
servoj([-0.7888, -2.0940, -0.0077, -1.5608, 0.0077, 0.0000], t=0.0012)
servoj([-0.7887, -2.0940, -0.0074, -1.5611, 0.0074, 0.0000], t=0.0012)
servoj([-0.7886, -2.0940, -0.0071, -1.5615, 0.0071, 0.0000], t=0.0012)
servoj([-0.7884, -2.0940, -0.0069, -1.5618, 0.0069, 0.0000], t=0.0012)
servoj([-0.7883, -2.0940, -0.0066, -1.5622, 0.0066, 0.0000], t=0.0012)
servoj([-0.7882, -2.0940, -0.0064, -1.5625, 0.0064, 0.0000], t=0.0012)
servoj([-0.7881, -2.0940, -0.0062, -1.5628, 0.0062, 0.0000], t=0.0012)
servoj([-0.7880, -2.0940, -0.0059, -1.5631, 0.0059, 0.0000], t=0.0012)
servoj([-0.7879, -2.0940, -0.0057, -1.5634, 0.0057, 0.0000], t=0.0012)
servoj([-0.7877, -2.0940, -0.0055, -1.5637, 0.0055, 0.0000], t=0.0012)
servoj([-0.7876, -2.0940, -0.0053, -1.5640, 0.0053, 0.0000], t=0.0012)
servoj([-0.7875, -2.0940, -0.0051, -1.5643, 0.0051, 0.0000], t=0.0012)
servoj([-0.7874, -2.0940, -0.0049, -1.5645, 0.0049, 0.0000], t=0.0012)
servoj([-0.7873, -2.0940, -0.0047, -1.5648, 0.0047, 0.0000], t=0.0012)
servoj([-0.7872, -2.0940, -0.0045, -1.5650, 0.0045, 0.0000], t=0.0012)
servoj([-0.7871, -2.0940, -0.0043, -1.5653, 0.0043, 0.0000], t=0.0012)
servoj([-0.7870, -2.0940, -0.0041, -1.5655, 0.0041, 0.0000], t=0.0012)
servoj([-0.7870, -2.0940, -0.0039, -1.5658, 0.0039, 0.0000], t=0.0012)
servoj([-0.7869, -2.0940, -0.0037, -1.5660, 0.0037, 0.0000], t=0.0012)
servoj([-0.7868, -2.0940, -0.0036, -1.5662, 0.0036, 0.0000], t=0.0012)
servoj([-0.7867, -2.0940, -0.0034, -1.5664, 0.0034, 0.0000], t=0.0012)
servoj([-0.7866, -2.0940, -0.0033, -1.5667, 0.0033, 0.0000], t=0.0012)
servoj([-0.7866, -2.0940, -0.0031, -1.5669, 0.0031, 0.0000], t=0.0012)
servoj([-0.7865, -2.0940, -0.0030, -1.5671, 0.0030, 0.0000], t=0.0012)
servoj([-0.7864, -2.0940, -0.0028, -1.5672, 0.0028, 0.0000], t=0.0012)
servoj([-0.7863, -2.0940, -0.0027, -1.5674, 0.0027, 0.0000], t=0.0012)
servoj([-0.7863, -2.0940, -0.0025, -1.5676, 0.0025, 0.0000], t=0.0012)
servoj([-0.7862, -2.0940, -0.0024, -1.5678, 0.0024, 0.0000], t=0.0012)
servoj([-0.7861, -2.0940, -0.0023, -1.5680, 0.0023, 0.0000], t=0.0012)
servoj([-0.7861, -2.0940, -0.0022, -1.5681, 0.0022, 0.0000], t=0.0012)
servoj([-0.7860, -2.0940, -0.0020, -1.5683, 0.0020, 0.0000], t=0.0012)
servoj([-0.7860, -2.0940, -0.0019, -1.5684, 0.0019, 0.0000], t=0.0012)
servoj([-0.7859, -2.0940, -0.0018, -1.5686, 0.0018, 0.0000], t=0.0012)
servoj([-0.7859, -2.0940, -0.0017, -1.5687, 0.0017, 0.0000], t=0.0012)
servoj([-0.7858, -2.0940, -0.0016, -1.5688, 0.0016, 0.0000], t=0.0012)
servoj([-0.7858, -2.0940, -0.0015, -1.5690, 0.0015, 0.0000], t=0.0012)
servoj([-0.7857, -2.0940, -0.0014, -1.5691, 0.0014, 0.0000], t=0.0012)
servoj([-0.7857, -2.0940, -0.0013, -1.5692, 0.0013, 0.0000], t=0.0012)
servoj([-0.7856, -2.0940, -0.0013, -1.5693, 0.0013, 0.0000], t=0.0012)
servoj([-0.7856, -2.0940, -0.0012, -1.5694, 0.0012, 0.0000], t=0.0012)
servoj([-0.7855, -2.0940, -0.0011, -1.5695, 0.0011, 0.0000], t=0.0012)
servoj([-0.7855, -2.0940, -0.0010, -1.5696, 0.0010, 0.0000], t=0.0012)
servoj([-0.7855, -2.0940, -0.0009, -1.5697, 0.0009, 0.0000], t=0.0012)
servoj([-0.7854, -2.0940, -0.0009, -1.5698, 0.0009, 0.0000], t=0.0012)
servoj([-0.7854, -2.0940, -0.0008, -1.5699, 0.0008, 0.0000], t=0.0012)
servoj([-0.7854, -2.0940, -0.0008, -1.5700, 0.0008, 0.0000], t=0.0012)
servoj([-0.7853, -2.0940, -0.0007, -1.5701, 0.0007, 0.0000], t=0.0012)
servoj([-0.7853, -2.0940, -0.0006, -1.5701, 0.0006, 0.0000], t=0.0012)
servoj([-0.7853, -2.0940, -0.0006, -1.5702, 0.0006, 0.0000], t=0.0012)
servoj([-0.7853, -2.0940, -0.0005, -1.5703, 0.0005, 0.0000], t=0.0012)
servoj([-0.7852, -2.0940, -0.0005, -1.5703, 0.0005, 0.0000], t=0.0012)
servoj([-0.7852, -2.0940, -0.0004, -1.5704, 0.0004, 0.0000], t=0.0012)
servoj([-0.7852, -2.0940, -0.0004, -1.5705, 0.0004, 0.0000], t=0.0012)
servoj([-0.7852, -2.0940, -0.0004, -1.5705, 0.0004, 0.0000], t=0.0012)
servoj([-0.7852, -2.0940, -0.0003, -1.5706, 0.0003, 0.0000], t=0.0012)
servoj([-0.7851, -2.0940, -0.0003, -1.5706, 0.0003, 0.0000], t=0.0012)
servoj([-0.7851, -2.0940, -0.0003, -1.5706, 0.0003, 0.0000], t=0.0012)
servoj([-0.7851, -2.0940, -0.0002, -1.5707, 0.0002, 0.0000], t=0.0012)
servoj([-0.7851, -2.0940, -0.0002, -1.5707, 0.0002, 0.0000], t=0.0012)
servoj([-0.7851, -2.0940, -0.0002, -1.5708, 0.0002, 0.0000], t=0.0012)
servoj([-0.7851, -2.0940, -0.0002, -1.5708, 0.0002, 0.0000], t=0.0012)
servoj([-0.7851, -2.0940, -0.0001, -1.5708, 0.0001, 0.0000], t=0.0012)
servoj([-0.7851, -2.0940, -0.0001, -1.5708, 0.0001, 0.0000], t=0.0012)
servoj([-0.7851, -2.0940, -0.0001, -1.5709, 0.0001, 0.0000], t=0.0012)
servoj([-0.7850, -2.0940, -0.0001, -1.5709, 0.0001, 0.0000], t=0.0012)
servoj([-0.7850, -2.0940, -0.0001, -1.5709, 0.0001, 0.0000], t=0.0012)
servoj([-0.7850, -2.0940, -0.0001, -1.5709, 0.0001, 0.0000], t=0.0012)
servoj([-0.7850, -2.0940, -0.0001, -1.5709, 0.0001, 0.0000], t=0.0012)
servoj([-0.7850, -2.0940, -0.0000, -1.5709, 0.0000, 0.0000], t=0.0012)
servoj([-0.7850, -2.0940, -0.0000, -1.5710, 0.0000, 0.0000], t=0.0012)
servoj([-0.7850, -2.0940, -0.0000, -1.5710, 0.0000, 0.0000], t=0.0012)
servoj([-0.7850, -2.0940, -0.0000, -1.5710, 0.0000, 0.0000], t=0.0012)
servoj([-0.7850, -2.0940, -0.0000, -1.5710, 0.0000, 0.0000], t=0.0012)
servoj([-0.7850, -2.0940, -0.0000, -1.5710, 0.0000, 0.0000], t=0.0012)
servoj([-0.7850, -2.0940, -0.0000, -1.5710, 0.0000, 0.0000], t=0.0012)
servoj([-0.7850, -2.0940, -0.0000, -1.5710, 0.0000, 0.0000], t=0.0012)
servoj([-0.7850, -2.0940, -0.0000, -1.5710, 0.0000, 0.0000], t=0.0012)
servoj([-0.7850, -2.0940, -0.0000, -1.5710, 0.0000, 0.0000], t=0.0012)
servoj([-0.7850, -2.0940, -0.0000, -1.5710, 0.0000, 0.0000], t=0.0012)
servoj([-0.7850, -2.0940, -0.0000, -1.5710, 0.0000, 0.0000], t=0.0012)
servoj([-0.7850, -2.0940, -0.0000, -1.5710, 0.0000, 0.0000], t=0.0012)
servoj([-0.7850, -2.0940, -0.0000, -1.5710, 0.0000, 0.0000], t=0.0012)
servoj([-0.7850, -2.0940, 0.0000, -1.5710, 0.0000, 0.0000], t=0.0012)
